MESH_NAME: tree.004
TEXTURE_DIFFUSE: NotFound.png
VERTEX_COUNT: 715
VERT:
-0.00000 0.00000 -0.10060
0.00150 0.01660 -0.99986
0.00000 1.00000
WEIGHTS: None

VERT:
0.08731 0.61049 -0.00108
0.99984 0.01779 -0.00076
0.12500 0.75000
WEIGHTS: None

VERT:
0.10060 0.00000 -0.00000
0.99976 0.02176 0.00078
0.00000 0.75000
WEIGHTS: None

VERT:
-0.10060 -0.00000 0.00000
-0.99989 0.01495 0.00079
0.00000 0.25000
WEIGHTS: None

VERT:
-0.00208 0.61048 -0.09047
-0.00147 0.01753 -0.99985
0.12500 0.00000
WEIGHTS: None

VERT:
-0.00000 0.00000 -0.10060
0.00150 0.01660 -0.99986
0.00000 0.00000
WEIGHTS: None

VERT:
-0.00208 0.61049 0.08832
-0.00147 0.01771 0.99984
0.12500 0.50000
WEIGHTS: None

VERT:
0.00000 -0.00000 0.10060
0.00149 0.02012 0.99980
0.00000 0.50000
WEIGHTS: None

VERT:
-0.00208 0.61048 -0.09047
-0.00147 0.01753 -0.99985
0.12500 1.00000
WEIGHTS: None

VERT:
0.07818 1.27448 -0.00000
0.99999 0.00377 -0.00270
0.25000 0.75000
WEIGHTS: None

VERT:
-0.09147 0.61047 -0.00108
-0.99985 0.01744 -0.00076
0.12500 0.25000
WEIGHTS: None

VERT:
0.00000 1.27614 -0.07818
-0.00437 0.02493 -0.99968
0.25000 0.00000
WEIGHTS: None

VERT:
-0.00000 1.27493 0.07818
-0.00452 0.00958 0.99994
0.25000 0.50000
WEIGHTS: None

VERT:
0.01529 1.91387 -0.05814
0.00126 0.02910 -0.99958
0.37500 1.00000
WEIGHTS: None

VERT:
0.00000 1.27614 -0.07818
-0.00437 0.02493 -0.99968
0.25000 1.00000
WEIGHTS: None

VERT:
-0.05168 1.91459 0.00884
-0.99920 0.03986 0.00139
0.37500 0.25000
WEIGHTS: None

VERT:
-0.07818 1.27660 0.00000
-0.99953 0.03066 -0.00254
0.25000 0.25000
WEIGHTS: None

VERT:
0.01527 1.91232 0.07580
0.00102 0.00603 0.99998
0.37500 0.50000
WEIGHTS: None

VERT:
0.02842 2.55042 -0.04108
0.00696 0.01312 -0.99989
0.50000 1.00000
WEIGHTS: None

VERT:
0.08224 1.91160 0.00882
0.99999 -0.00473 0.00111
0.37500 0.75000
WEIGHTS: None

VERT:
-0.02734 2.55097 0.01469
-0.99972 0.02301 0.00624
0.50000 0.25000
WEIGHTS: None

VERT:
0.01529 1.91387 -0.05814
0.00126 0.02910 -0.99958
0.37500 0.00000
WEIGHTS: None

VERT:
0.02843 2.55093 0.07046
0.00702 0.02195 0.99973
0.50000 0.50000
WEIGHTS: None

VERT:
0.06658 3.18822 0.00305
0.99958 0.02899 -0.00156
0.62500 0.75000
WEIGHTS: None

VERT:
0.08419 2.55038 0.01468
0.99991 0.01218 0.00595
0.50000 0.75000
WEIGHTS: None

VERT:
-0.02254 3.18720 0.00307
-0.99998 0.00616 -0.00108
0.62500 0.25000
WEIGHTS: None

VERT:
0.02842 2.55042 -0.04108
0.00696 0.01312 -0.99989
0.50000 0.00000
WEIGHTS: None

VERT:
0.02203 3.18842 0.04761
0.00050 0.03355 0.99944
0.62500 0.50000
WEIGHTS: None

VERT:
0.02202 3.18700 -0.04150
0.00036 0.00164 -1.00000
0.62500 1.00000
WEIGHTS: None

VERT:
0.04720 3.82481 -0.00562
0.99978 0.01950 -0.00798
0.75000 0.75000
WEIGHTS: None

VERT:
-0.01951 3.82469 -0.00561
-0.99985 0.01571 -0.00748
0.75000 0.25000
WEIGHTS: None

VERT:
0.02202 3.18700 -0.04150
0.00036 0.00164 -1.00000
0.62500 0.00000
WEIGHTS: None

VERT:
0.01385 3.82462 0.02773
-0.00486 0.01402 0.99989
0.75000 0.50000
WEIGHTS: None

VERT:
0.01973 4.46254 -0.01436
-0.00143 0.04488 -0.99899
0.87500 1.00000
WEIGHTS: None

VERT:
0.01384 3.82487 -0.03897
-0.00513 0.02112 -0.99976
0.75000 1.00000
WEIGHTS: None

VERT:
0.01973 4.46254 -0.01436
-0.00143 0.04488 -0.99899
0.87500 0.00000
WEIGHTS: None

VERT:
0.01384 3.82487 -0.03897
-0.00513 0.02112 -0.99976
0.75000 0.00000
WEIGHTS: None

VERT:
-0.00241 4.46222 0.00778
-0.99954 0.03039 -0.00195
0.87500 0.25000
WEIGHTS: None

VERT:
0.04188 4.46165 0.00776
0.99998 0.00492 -0.00279
0.87500 0.75000
WEIGHTS: None

VERT:
0.03014 5.09926 0.01831
0.00186 0.05122 -0.99869
1.00000 1.00000
WEIGHTS: None

VERT:
0.03014 5.09926 0.01831
0.00186 0.05122 -0.99869
1.00000 0.00000
WEIGHTS: None

VERT:
0.01973 4.46133 0.02991
-0.00131 -0.00969 0.99995
0.87500 0.50000
WEIGHTS: None

VERT:
0.01920 5.09910 0.02925
-0.99942 0.03378 0.00390
1.00000 0.25000
WEIGHTS: None

VERT:
0.04107 5.09882 0.02924
1.00000 0.00116 0.00286
1.00000 0.75000
WEIGHTS: None

VERT:
0.04396 2.09675 -0.01062
0.60199 0.57110 -0.55808
0.00000 1.00000
WEIGHTS: None

VERT:
-0.04651 2.25902 0.12135
0.67446 0.01435 0.73818
0.10000 0.75000
WEIGHTS: None

VERT:
0.04684 2.07479 0.04026
0.67189 0.01450 0.74051
0.00000 0.75000
WEIGHTS: None

VERT:
-0.09477 2.25902 0.06937
-0.68617 0.01424 -0.72731
0.10000 0.25000
WEIGHTS: None

VERT:
0.04396 2.09675 -0.01062
0.60199 0.57110 -0.55808
0.00000 0.00000
WEIGHTS: None

VERT:
-0.00657 2.07479 -0.01725
-0.68759 0.01212 -0.72599
0.00000 0.25000
WEIGHTS: None

VERT:
-0.09218 2.23917 0.11536
-0.61436 -0.54599 0.56961
0.10000 0.50000
WEIGHTS: None

VERT:
-0.00369 2.05283 0.03363
-0.61501 -0.54285 0.57191
0.00000 0.50000
WEIGHTS: None

VERT:
-0.15077 2.47670 0.17020
0.60070 0.57490 -0.55557
0.20000 1.00000
WEIGHTS: None

VERT:
-0.04910 2.27887 0.07536
0.60014 0.57304 -0.55808
0.10000 1.00000
WEIGHTS: None

VERT:
-0.19152 2.45883 0.16478
-0.68610 0.01116 -0.72742
0.20000 0.25000
WEIGHTS: None

VERT:
-0.04910 2.27887 0.07536
0.60014 0.57304 -0.55808
0.10000 0.00000
WEIGHTS: None

VERT:
-0.18920 2.44109 0.20588
-0.61165 -0.54849 0.57012
0.20000 0.50000
WEIGHTS: None

VERT:
-0.24727 2.65066 0.29599
0.68252 0.01074 0.73079
0.30000 0.75000
WEIGHTS: None

VERT:
-0.14845 2.45895 0.21129
0.67267 0.01500 0.73979
0.20000 0.75000
WEIGHTS: None

VERT:
-0.28548 2.65109 0.25528
-0.68589 0.02578 -0.72725
0.30000 0.25000
WEIGHTS: None

VERT:
-0.15077 2.47670 0.17020
0.60070 0.57490 -0.55557
0.20000 0.00000
WEIGHTS: None

VERT:
-0.28308 2.63477 0.29115
-0.61012 -0.56340 0.55708
0.30000 0.50000
WEIGHTS: None

VERT:
-0.24966 2.66699 0.26012
0.58707 0.59017 -0.55411
0.30000 1.00000
WEIGHTS: None

VERT:
-0.34593 2.83619 0.39022
0.70778 -0.03098 0.70575
0.40000 0.75000
WEIGHTS: None

VERT:
-0.34902 2.85229 0.36026
0.56003 0.62822 -0.54010
0.40000 0.00000
WEIGHTS: None

VERT:
-0.24966 2.66699 0.26012
0.58707 0.59017 -0.55411
0.30000 0.00000
WEIGHTS: None

VERT:
-0.37699 2.82260 0.38611
-0.59862 -0.60076 0.52984
0.40000 0.50000
WEIGHTS: None

VERT:
-0.44294 3.02869 0.48063
0.54710 0.67395 -0.49646
0.50000 1.00000
WEIGHTS: None

VERT:
-0.34902 2.85229 0.36026
0.56003 0.62822 -0.54010
0.40000 1.00000
WEIGHTS: None

VERT:
-0.46896 3.01690 0.47696
-0.72182 0.10522 -0.68403
0.50000 0.25000
WEIGHTS: None

VERT:
-0.38008 2.83870 0.35616
-0.70625 0.07220 -0.70427
0.40000 0.25000
WEIGHTS: None

VERT:
-0.46550 3.00172 0.50120
-0.56086 -0.64963 0.51325
0.50000 0.50000
WEIGHTS: None

VERT:
-0.54502 3.19429 0.60867
0.53816 0.70996 -0.45424
0.60000 1.00000
WEIGHTS: None

VERT:
-0.43948 3.01351 0.50487
0.72510 -0.06101 0.68594
0.50000 0.75000
WEIGHTS: None

VERT:
-0.56550 3.18348 0.60482
-0.70587 0.06639 -0.70522
0.60000 0.25000
WEIGHTS: None

VERT:
-0.44294 3.02869 0.48063
0.54710 0.67395 -0.49646
0.50000 0.00000
WEIGHTS: None

VERT:
-0.56265 3.17106 0.62453
-0.52333 -0.68889 0.50155
0.60000 0.50000
WEIGHTS: None

VERT:
-0.66507 3.34540 0.74024
0.68180 0.01017 0.73147
0.70000 0.75000
WEIGHTS: None

VERT:
-0.54217 3.18186 0.62838
0.69929 -0.03168 0.71414
0.60000 0.75000
WEIGHTS: None

VERT:
-0.66742 3.35520 0.72516
0.48720 0.75711 -0.43523
0.70000 0.00000
WEIGHTS: None

VERT:
-0.54502 3.19429 0.60867
0.53816 0.70996 -0.45424
0.60000 0.00000
WEIGHTS: None

VERT:
-0.68015 3.33605 0.73651
-0.50641 -0.73538 0.45030
0.70000 0.50000
WEIGHTS: None

VERT:
-0.66742 3.35520 0.72516
0.48720 0.75711 -0.43523
0.70000 1.00000
WEIGHTS: None

VERT:
-0.79760 3.49051 0.86222
0.71057 -0.01157 0.70353
0.80000 0.75000
WEIGHTS: None

VERT:
-0.68250 3.34585 0.72143
-0.67719 0.04487 -0.73444
0.70000 0.25000
WEIGHTS: None

VERT:
-0.80009 3.49836 0.85243
0.40819 0.82979 -0.38058
0.80000 0.00000
WEIGHTS: None

VERT:
-0.80789 3.48352 0.85924
-0.45566 -0.80921 0.37088
0.80000 0.50000
WEIGHTS: None

VERT:
-0.93085 3.61339 1.00604
0.37779 0.86624 -0.32697
0.90000 1.00000
WEIGHTS: None

VERT:
-0.80009 3.49836 0.85243
0.40819 0.82979 -0.38058
0.80000 1.00000
WEIGHTS: None

VERT:
-0.81039 3.49137 0.84944
-0.70203 0.08125 -0.70750
0.80000 0.25000
WEIGHTS: None

VERT:
-0.93085 3.61339 1.00604
0.37779 0.86624 -0.32697
0.90000 0.00000
WEIGHTS: None

VERT:
-0.93673 3.60920 1.00417
-0.73554 0.09258 -0.67113
0.90000 0.25000
WEIGHTS: None

VERT:
-0.92891 3.60836 1.01120
0.72852 -0.05178 0.68307
0.90000 0.75000
WEIGHTS: None

VERT:
0.09795 3.25073 -0.02796
-0.91030 0.37641 0.17224
0.10000 1.00000
WEIGHTS: None

VERT:
0.01557 2.96302 -0.03865
-0.25510 -0.04091 -0.96605
0.00000 0.75000
WEIGHTS: None

VERT:
-0.01823 2.98060 0.01894
-0.87974 0.41777 0.22701
0.00000 1.00000
WEIGHTS: None

VERT:
0.14773 3.23488 0.00609
0.24312 0.01037 0.96994
0.10000 0.25000
WEIGHTS: None

VERT:
-0.01823 2.98060 0.01894
-0.87974 0.41777 0.22701
0.00000 0.00000
WEIGHTS: None

VERT:
0.03688 2.96302 0.05665
0.23006 0.08646 0.96933
0.00000 0.25000
WEIGHTS: None

VERT:
0.07068 2.94543 -0.00094
0.90713 -0.38476 -0.17053
0.00000 0.50000
WEIGHTS: None

VERT:
0.17820 3.21886 -0.04590
0.90857 -0.34667 -0.23307
0.10000 0.50000
WEIGHTS: None

VERT:
0.20370 3.54248 -0.03142
-0.96345 0.23984 0.11937
0.20000 1.00000
WEIGHTS: None

VERT:
0.12842 3.23471 -0.07996
-0.19630 0.00550 -0.98053
0.10000 0.75000
WEIGHTS: None

VERT:
0.24730 3.52568 -0.00116
0.21041 -0.21588 0.95348
0.20000 0.25000
WEIGHTS: None

VERT:
0.09795 3.25073 -0.02796
-0.91030 0.37641 0.17224
0.10000 0.00000
WEIGHTS: None

VERT:
0.27916 3.52615 -0.04680
0.94938 -0.17851 -0.25847
0.20000 0.50000
WEIGHTS: None

VERT:
0.28316 3.82924 0.03870
-0.09400 0.44524 -0.89046
0.30000 0.75000
WEIGHTS: None

VERT:
0.23556 3.54295 -0.07706
-0.10008 0.22241 -0.96980
0.20000 0.75000
WEIGHTS: None

VERT:
0.25269 3.81691 0.07501
-0.98566 0.10241 0.13410
0.30000 0.00000
WEIGHTS: None

VERT:
0.20370 3.54248 -0.03142
-0.96345 0.23984 0.11937
0.20000 0.00000
WEIGHTS: None

VERT:
0.32093 3.81159 0.06440
0.98377 -0.05117 -0.17199
0.30000 0.50000
WEIGHTS: None

VERT:
0.25269 3.81691 0.07501
-0.98566 0.10241 0.13410
0.30000 1.00000
WEIGHTS: None

VERT:
0.32113 4.09846 0.19143
-0.12374 0.49515 -0.85995
0.40000 0.75000
WEIGHTS: None

VERT:
0.32694 4.06985 0.24361
0.07098 -0.46156 0.88426
0.40000 0.25000
WEIGHTS: None

VERT:
0.29046 3.79926 0.10070
0.11720 -0.41998 0.89993
0.30000 0.25000
WEIGHTS: None

VERT:
0.35327 4.08067 0.21235
0.98128 -0.10528 -0.16124
0.40000 0.50000
WEIGHTS: None

VERT:
0.29479 4.08764 0.22269
-0.97470 0.12721 0.18378
0.40000 1.00000
WEIGHTS: None

VERT:
0.39772 4.36212 0.32906
-0.12837 0.42873 -0.89427
0.50000 0.75000
WEIGHTS: None

VERT:
0.37663 4.35707 0.35727
-0.94538 0.21133 0.24817
0.50000 0.00000
WEIGHTS: None

VERT:
0.29479 4.08764 0.22269
-0.97470 0.12721 0.18378
0.40000 0.00000
WEIGHTS: None

VERT:
0.42462 4.34652 0.34638
0.96092 -0.20781 -0.18288
0.50000 0.50000
WEIGHTS: None

VERT:
0.37663 4.35707 0.35727
-0.94538 0.21133 0.24817
0.50000 1.00000
WEIGHTS: None

VERT:
0.49053 4.63089 0.42275
-0.19093 0.17796 -0.96534
0.60000 0.75000
WEIGHTS: None

VERT:
0.40352 4.34147 0.37459
0.10316 -0.39325 0.91362
0.50000 0.25000
WEIGHTS: None

VERT:
0.47523 4.63280 0.44719
-0.91451 0.25336 0.31539
0.60000 0.00000
WEIGHTS: None

VERT:
0.51364 4.62241 0.43788
0.95760 -0.25320 -0.13743
0.60000 0.50000
WEIGHTS: None

VERT:
0.55692 4.93312 0.41611
-0.91777 0.33634 0.21114
0.70000 1.00000
WEIGHTS: None

VERT:
0.47523 4.63280 0.44719
-0.91451 0.25336 0.31539
0.60000 1.00000
WEIGHTS: None

VERT:
0.57511 4.92798 0.42775
0.21877 0.01917 0.97559
0.70000 0.25000
WEIGHTS: None

VERT:
0.49834 4.62432 0.46232
0.19180 -0.14675 0.97040
0.60000 0.25000
WEIGHTS: None

VERT:
0.58576 4.92301 0.40892
0.91892 -0.30665 -0.24811
0.70000 0.50000
WEIGHTS: None

VERT:
0.67681 5.21269 0.40080
-0.84679 0.51606 0.12897
0.80000 1.00000
WEIGHTS: None

VERT:
0.56758 4.92816 0.39727
-0.26035 0.02834 -0.96510
0.70000 0.75000
WEIGHTS: None

VERT:
0.68723 5.20424 0.40857
0.06259 -0.25743 0.96427
0.80000 0.25000
WEIGHTS: None

VERT:
0.55692 4.93312 0.41611
-0.91777 0.33634 0.21114
0.70000 0.00000
WEIGHTS: None

VERT:
0.69541 5.20235 0.39553
0.83520 -0.41233 -0.36391
0.80000 0.50000
WEIGHTS: None

VERT:
0.87099 5.40940 0.52573
0.12063 0.59653 -0.79347
0.90000 0.75000
WEIGHTS: None

VERT:
0.68499 5.21080 0.38776
-0.12787 0.32890 -0.93567
0.80000 0.75000
WEIGHTS: None

VERT:
0.86547 5.40941 0.53259
-0.74487 0.61184 0.26610
0.90000 0.00000
WEIGHTS: None

VERT:
0.67681 5.21269 0.40080
-0.84679 0.51606 0.12897
0.80000 0.00000
WEIGHTS: None

VERT:
0.87495 5.40220 0.52892
0.77549 -0.54162 -0.32444
0.90000 0.50000
WEIGHTS: None

VERT:
0.86547 5.40941 0.53259
-0.74487 0.61184 0.26610
0.90000 1.00000
WEIGHTS: None

VERT:
1.07653 5.56031 0.71140
0.21527 0.62728 -0.74845
1.00000 0.75000
WEIGHTS: None

VERT:
0.86942 5.40221 0.53578
-0.13287 -0.55537 0.82092
0.90000 0.25000
WEIGHTS: None

VERT:
1.07520 5.56031 0.71305
-0.72888 0.58218 0.36028
1.00000 0.00000
WEIGHTS: None

VERT:
1.07748 5.55858 0.71217
0.73155 -0.62299 -0.27698
1.00000 0.50000
WEIGHTS: None

VERT:
0.03802 3.70634 0.00910
0.67912 0.57926 0.45084
0.00000 1.00000
WEIGHTS: None

VERT:
-0.09978 3.86064 -0.05123
-0.52114 0.03042 0.85293
0.10000 0.75000
WEIGHTS: None

VERT:
-0.00462 3.68452 0.02436
-0.58016 0.03576 0.81372
0.00000 0.75000
WEIGHTS: None

VERT:
-0.06564 3.86057 -0.10570
0.53980 0.02652 -0.84137
0.10000 0.25000
WEIGHTS: None

VERT:
0.03802 3.70634 0.00910
0.67912 0.57926 0.45084
0.00000 0.00000
WEIGHTS: None

VERT:
0.03308 3.68452 -0.03592
0.52708 -0.04090 -0.84883
0.00000 0.25000
WEIGHTS: None

VERT:
-0.10425 3.84092 -0.09194
-0.66702 -0.59938 -0.44252
0.10000 0.50000
WEIGHTS: None

VERT:
-0.00956 3.66269 -0.02066
-0.71798 -0.55138 -0.42485
0.00000 0.50000
WEIGHTS: None

VERT:
-0.06117 3.88029 -0.06499
0.67282 0.62432 0.39690
0.10000 1.00000
WEIGHTS: None

VERT:
-0.22777 4.02926 -0.12361
-0.41207 -0.05789 0.90931
0.20000 0.75000
WEIGHTS: None

VERT:
-0.20278 4.03575 -0.17496
0.45243 0.15975 -0.87738
0.20000 0.25000
WEIGHTS: None

VERT:
-0.06117 3.88029 -0.06499
0.67282 0.62432 0.39690
0.10000 0.00000
WEIGHTS: None

VERT:
-0.23136 4.01113 -0.15981
-0.54653 -0.72571 -0.41793
0.20000 0.50000
WEIGHTS: None

VERT:
-0.38458 4.17523 -0.18604
0.37769 0.87878 0.29172
0.30000 1.00000
WEIGHTS: None

VERT:
-0.19920 4.05387 -0.13877
0.56860 0.75725 0.32137
0.20000 1.00000
WEIGHTS: None

VERT:
-0.38661 4.15845 -0.21763
0.30676 0.24978 -0.91843
0.30000 0.25000
WEIGHTS: None

VERT:
-0.19920 4.05387 -0.13877
0.56860 0.75725 0.32137
0.20000 0.00000
WEIGHTS: None

VERT:
-0.40398 4.13126 -0.20207
-0.38862 -0.85481 -0.34391
0.30000 0.50000
WEIGHTS: None

VERT:
-0.59441 4.25170 -0.22404
0.25148 0.92608 0.28131
0.40000 1.00000
WEIGHTS: None

VERT:
-0.40196 4.14804 -0.17048
-0.29819 -0.15771 0.94139
0.30000 0.75000
WEIGHTS: None

VERT:
-0.59441 4.25170 -0.22404
0.25148 0.92608 0.28131
0.40000 0.00000
WEIGHTS: None

VERT:
-0.38458 4.17523 -0.18604
0.37769 0.87878 0.29172
0.30000 0.00000
WEIGHTS: None

VERT:
-0.59514 4.23674 -0.25119
0.21891 0.25432 -0.94202
0.40000 0.25000
WEIGHTS: None

VERT:
-0.60521 4.22636 -0.20979
-0.24002 -0.21853 0.94585
0.40000 0.75000
WEIGHTS: None

VERT:
-0.81961 4.29056 -0.24329
-0.25372 -0.17428 0.95145
0.50000 0.75000
WEIGHTS: None

VERT:
-0.81052 4.29918 -0.27816
0.23580 0.29333 -0.92647
0.50000 0.25000
WEIGHTS: None

VERT:
-0.81703 4.27712 -0.26563
-0.12723 -0.96018 -0.24872
0.50000 0.50000
WEIGHTS: None

VERT:
-0.60594 4.21140 -0.23694
-0.27480 -0.91095 -0.30765
0.40000 0.50000
WEIGHTS: None

VERT:
-1.02757 4.31983 -0.32031
-0.21554 0.95284 0.21362
0.60000 1.00000
WEIGHTS: None

VERT:
-0.81309 4.31263 -0.25582
0.08754 0.95662 0.27788
0.50000 1.00000
WEIGHTS: None

VERT:
-1.01823 4.30852 -0.33587
0.41314 0.30369 -0.85854
0.60000 0.25000
WEIGHTS: None

VERT:
-0.81309 4.31263 -0.25582
0.08754 0.95662 0.27788
0.50000 0.00000
WEIGHTS: None

VERT:
-1.02233 4.29046 -0.32519
0.11975 -0.98834 -0.09400
0.60000 0.50000
WEIGHTS: None

VERT:
-1.19869 4.25766 -0.45408
-0.60815 -0.19660 0.76909
0.70000 0.75000
WEIGHTS: None

VERT:
-1.03167 4.30177 -0.30963
-0.46714 -0.15874 0.86982
0.60000 0.75000
WEIGHTS: None

VERT:
-1.19713 4.27122 -0.46346
-0.43971 0.89755 -0.03256
0.70000 0.00000
WEIGHTS: None

VERT:
-1.02757 4.31983 -0.32031
-0.21554 0.95284 0.21362
0.60000 0.00000
WEIGHTS: None

VERT:
-1.18696 4.25011 -0.46302
0.42694 -0.90428 0.00209
0.70000 0.50000
WEIGHTS: None

VERT:
-1.19713 4.27122 -0.46346
-0.43971 0.89755 -0.03256
0.70000 1.00000
WEIGHTS: None

VERT:
-1.33690 4.14942 -0.58982
-0.47279 -0.10911 0.87439
0.80000 0.75000
WEIGHTS: None

VERT:
-1.18540 4.26367 -0.47240
0.52536 0.31431 -0.79070
0.70000 0.25000
WEIGHTS: None

VERT:
-1.33865 4.15695 -0.59866
-0.60403 0.75739 -0.24801
0.80000 0.00000
WEIGHTS: None

VERT:
-1.32816 4.14437 -0.59584
0.65792 -0.74924 0.07601
0.80000 0.50000
WEIGHTS: None

VERT:
-1.47535 3.99138 -0.64271
-0.71426 0.65534 -0.24569
0.90000 1.00000
WEIGHTS: None

VERT:
-1.33865 4.15695 -0.59866
-0.60403 0.75739 -0.24801
0.80000 1.00000
WEIGHTS: None

VERT:
-1.47040 3.98817 -0.64635
0.26139 0.02054 -0.96501
0.90000 0.25000
WEIGHTS: None

VERT:
-1.32991 4.15190 -0.60469
0.37868 0.17939 -0.90798
0.80000 0.25000
WEIGHTS: None

VERT:
-1.46792 3.98537 -0.64051
0.71264 -0.67746 0.18217
0.90000 0.50000
WEIGHTS: None

VERT:
0.00920 4.53230 0.09001
-0.03485 0.48469 -0.87399
0.10000 1.00000
WEIGHTS: None

VERT:
0.04227 4.34781 0.00369
0.99791 0.06451 -0.00488
0.00000 0.75000
WEIGHTS: None

VERT:
0.01762 4.35933 -0.01739
0.00868 0.52777 -0.84934
0.00000 1.00000
WEIGHTS: None

VERT:
-0.00640 4.34781 0.00440
-0.99950 -0.02132 -0.02335
0.00000 0.25000
WEIGHTS: None

VERT:
0.00920 4.53230 0.09001
-0.03485 0.48469 -0.87399
0.10000 0.00000
WEIGHTS: None

VERT:
0.01762 4.35933 -0.01739
0.00868 0.52777 -0.84934
0.00000 0.00000
WEIGHTS: None

VERT:
0.01825 4.33629 0.02548
0.03539 -0.50674 0.86137
0.00000 0.50000
WEIGHTS: None

VERT:
-0.01257 4.52180 0.10973
-0.99928 -0.00209 0.03800
0.10000 0.25000
WEIGHTS: None

VERT:
0.03153 4.52187 0.10911
0.99993 0.00072 0.01142
0.10000 0.75000
WEIGHTS: None

VERT:
0.02032 4.72480 0.18447
-0.08149 0.33642 -0.93818
0.20000 1.00000
WEIGHTS: None

VERT:
0.02032 4.72480 0.18447
-0.08149 0.33642 -0.93818
0.20000 0.00000
WEIGHTS: None

VERT:
0.00977 4.51137 0.12882
-0.00778 -0.46517 0.88519
0.10000 0.50000
WEIGHTS: None

VERT:
0.00138 4.72143 0.20475
-0.98162 0.14034 0.12935
0.20000 0.25000
WEIGHTS: None

VERT:
0.04036 4.71560 0.20166
0.98767 -0.15555 -0.01796
0.20000 0.75000
WEIGHTS: None

VERT:
0.09434 4.91095 0.23895
0.95046 -0.29673 -0.09260
0.30000 0.75000
WEIGHTS: None

VERT:
0.06127 4.92157 0.24296
-0.94099 0.31000 0.13578
0.30000 0.25000
WEIGHTS: None

VERT:
0.07900 4.91347 0.25817
0.05064 -0.14305 0.98842
0.30000 0.50000
WEIGHTS: None

VERT:
0.02141 4.71223 0.22194
-0.01780 -0.30133 0.95336
0.20000 0.50000
WEIGHTS: None

VERT:
0.07661 4.91905 0.22374
-0.08686 0.17662 -0.98044
0.30000 1.00000
WEIGHTS: None

VERT:
0.16873 5.10858 0.25596
0.93453 -0.33051 -0.13201
0.40000 0.75000
WEIGHTS: None

VERT:
0.14040 5.11900 0.25961
-0.92889 0.35442 0.10745
0.40000 0.25000
WEIGHTS: None

VERT:
0.07661 4.91905 0.22374
-0.08686 0.17662 -0.98044
0.30000 0.00000
WEIGHTS: None

VERT:
0.15568 5.11158 0.27278
0.08103 -0.13652 0.98732
0.40000 0.50000
WEIGHTS: None

VERT:
0.22731 5.31115 0.27482
-0.05107 0.18945 -0.98056
0.50000 1.00000
WEIGHTS: None

VERT:
0.15345 5.11600 0.24279
-0.06607 0.15378 -0.98589
0.40000 1.00000
WEIGHTS: None

VERT:
0.22731 5.31115 0.27482
-0.05107 0.18945 -0.98056
0.50000 0.00000
WEIGHTS: None

VERT:
0.15345 5.11600 0.24279
-0.06607 0.15378 -0.98589
0.40000 0.00000
WEIGHTS: None

VERT:
0.21596 5.31298 0.28901
-0.93570 0.33354 0.11498
0.50000 0.25000
WEIGHTS: None

VERT:
0.24022 5.30464 0.28599
0.94262 -0.31192 -0.11903
0.50000 0.75000
WEIGHTS: None

VERT:
0.29621 5.50694 0.31086
-0.01342 0.20735 -0.97818
0.60000 1.00000
WEIGHTS: None

VERT:
0.28648 5.50721 0.32232
-0.96525 0.24373 0.09426
0.60000 0.25000
WEIGHTS: None

VERT:
0.22886 5.30647 0.30018
0.06907 -0.17285 0.98252
0.50000 0.50000
WEIGHTS: None

VERT:
0.29732 5.50256 0.33164
0.09210 -0.20438 0.97455
0.60000 0.50000
WEIGHTS: None

VERT:
0.34026 5.70913 0.36596
0.97257 -0.21388 -0.09149
0.70000 0.75000
WEIGHTS: None

VERT:
0.30706 5.50229 0.32018
0.96973 -0.21989 -0.10615
0.60000 0.75000
WEIGHTS: None

VERT:
0.33174 5.71277 0.35864
-0.08150 0.23023 -0.96972
0.70000 0.00000
WEIGHTS: None

VERT:
0.29621 5.50694 0.31086
-0.01342 0.20735 -0.97818
0.60000 0.00000
WEIGHTS: None

VERT:
0.33259 5.70923 0.37494
0.02038 -0.19399 0.98079
0.70000 0.50000
WEIGHTS: None

VERT:
0.33174 5.71277 0.35864
-0.08150 0.23023 -0.96972
0.70000 1.00000
WEIGHTS: None

VERT:
0.40222 5.90209 0.40226
0.85789 -0.49917 -0.12189
0.80000 0.75000
WEIGHTS: None

VERT:
0.32407 5.71287 0.36762
-0.96677 0.23263 0.10598
0.70000 0.25000
WEIGHTS: None

VERT:
0.39662 5.90615 0.39718
-0.15678 0.22556 -0.96153
0.80000 0.00000
WEIGHTS: None

VERT:
0.39749 5.90418 0.40912
-0.00934 -0.10131 0.99481
0.80000 0.50000
WEIGHTS: None

VERT:
0.54258 6.05390 0.40429
-0.12844 0.15600 -0.97937
0.90000 1.00000
WEIGHTS: None

VERT:
0.39662 5.90615 0.39718
-0.15678 0.22556 -0.96153
0.80000 1.00000
WEIGHTS: None

VERT:
0.54058 6.05630 0.40863
-0.63027 0.75799 0.16796
0.90000 0.25000
WEIGHTS: None

VERT:
0.39190 5.90823 0.40403
-0.84379 0.51138 0.16284
0.80000 0.25000
WEIGHTS: None

VERT:
0.54341 6.05301 0.41175
0.09205 -0.08023 0.99252
0.90000 0.50000
WEIGHTS: None

VERT:
0.71764 6.17775 0.39829
-0.09139 0.08115 -0.99250
1.00000 1.00000
WEIGHTS: None

VERT:
0.54541 6.05061 0.40741
0.64808 -0.74595 -0.15346
0.90000 0.75000
WEIGHTS: None

VERT:
0.71685 6.17870 0.40001
-0.55871 0.81536 0.15175
1.00000 0.25000
WEIGHTS: None

VERT:
0.54258 6.05390 0.40429
-0.12844 0.15600 -0.97937
0.90000 0.00000
WEIGHTS: None

VERT:
0.71797 6.17739 0.40125
0.15416 -0.13367 0.97896
1.00000 0.50000
WEIGHTS: None

VERT:
0.03023 4.96456 -0.04000
-0.27038 0.39733 0.87694
0.10000 1.00000
WEIGHTS: None

VERT:
0.01067 4.80876 0.01605
-0.97471 -0.04549 -0.21878
0.00000 0.75000
WEIGHTS: None

VERT:
0.02200 4.81484 0.03410
-0.20635 0.44312 0.87239
0.00000 1.00000
WEIGHTS: None

VERT:
0.04744 4.95903 -0.04894
0.97127 0.00127 0.23796
0.10000 0.25000
WEIGHTS: None

VERT:
0.02200 4.81484 0.03410
-0.20635 0.44312 0.87239
0.00000 0.00000
WEIGHTS: None

VERT:
0.04092 4.80876 0.02428
0.96461 0.08049 0.25110
0.00000 0.25000
WEIGHTS: None

VERT:
0.02958 4.80268 0.00622
0.26814 -0.42399 -0.86506
0.00000 0.50000
WEIGHTS: None

VERT:
0.03712 4.95345 -0.06534
0.21417 -0.38170 -0.89913
0.10000 0.50000
WEIGHTS: None

VERT:
0.05726 5.12835 -0.09655
-0.34432 0.24465 0.90641
0.20000 1.00000
WEIGHTS: None

VERT:
0.01991 4.95898 -0.05640
-0.95903 -0.00250 -0.28328
0.10000 0.75000
WEIGHTS: None

VERT:
0.07264 5.12280 -0.10444
0.94130 -0.21793 0.25781
0.20000 0.25000
WEIGHTS: None

VERT:
0.03023 4.96456 -0.04000
-0.27038 0.39733 0.87694
0.10000 0.00000
WEIGHTS: None

VERT:
0.06432 5.12269 -0.12058
0.21581 -0.19882 -0.95598
0.20000 0.50000
WEIGHTS: None

VERT:
0.11509 5.28850 -0.10715
-0.83187 0.43878 -0.33980
0.30000 0.75000
WEIGHTS: None

VERT:
0.04894 5.12824 -0.11269
-0.90515 0.20743 -0.37104
0.20000 0.75000
WEIGHTS: None

VERT:
0.13426 5.27861 -0.09964
0.84738 -0.42646 0.31634
0.30000 0.25000
WEIGHTS: None

VERT:
0.05726 5.12835 -0.09655
-0.34432 0.24465 0.90641
0.20000 0.00000
WEIGHTS: None

VERT:
0.12846 5.28273 -0.11414
0.30575 -0.04991 -0.95080
0.30000 0.50000
WEIGHTS: None

VERT:
0.12089 5.28437 -0.09265
-0.35706 0.09410 0.92933
0.30000 1.00000
WEIGHTS: None

VERT:
0.20104 5.43923 -0.08301
-0.81120 0.50889 -0.28807
0.40000 0.75000
WEIGHTS: None

VERT:
0.21714 5.42926 -0.07654
0.79707 -0.48632 0.35802
0.40000 0.25000
WEIGHTS: None

VERT:
0.12089 5.28437 -0.09265
-0.35706 0.09410 0.92933
0.30000 0.00000
WEIGHTS: None

VERT:
0.21216 5.43307 -0.08923
0.31190 -0.11129 -0.94357
0.40000 0.50000
WEIGHTS: None

VERT:
0.29780 5.58161 -0.07511
-0.25967 0.19495 0.94581
0.50000 1.00000
WEIGHTS: None

VERT:
0.20602 5.43542 -0.07033
-0.30160 0.12398 0.94534
0.40000 1.00000
WEIGHTS: None

VERT:
0.29780 5.58161 -0.07511
-0.25967 0.19495 0.94581
0.50000 0.00000
WEIGHTS: None

VERT:
0.20602 5.43542 -0.07033
-0.30160 0.12398 0.94534
0.40000 0.00000
WEIGHTS: None

VERT:
0.30698 5.57574 -0.08045
0.81034 -0.48861 0.32343
0.50000 0.25000
WEIGHTS: None

VERT:
0.29314 5.58425 -0.08601
-0.80174 0.50269 -0.32329
0.50000 0.75000
WEIGHTS: None

VERT:
0.38901 5.72663 -0.08007
-0.27964 0.13113 0.95111
0.60000 1.00000
WEIGHTS: None

VERT:
0.38901 5.72663 -0.08007
-0.27964 0.13113 0.95111
0.60000 0.00000
WEIGHTS: None

VERT:
0.30233 5.57838 -0.09136
0.26828 -0.18089 -0.94621
0.50000 0.50000
WEIGHTS: None

VERT:
0.39705 5.72235 -0.08453
0.83574 -0.46241 0.29618
0.60000 0.25000
WEIGHTS: None

VERT:
0.38524 5.72903 -0.08917
-0.81005 0.46900 -0.35193
0.60000 0.75000
WEIGHTS: None

VERT:
0.46083 5.88243 -0.07471
-0.83608 0.44246 -0.32433
0.70000 0.75000
WEIGHTS: None

VERT:
0.47048 5.87743 -0.07097
0.84291 -0.42760 0.32658
0.70000 0.25000
WEIGHTS: None

VERT:
0.46754 5.87951 -0.07826
0.33072 -0.06624 -0.94140
0.70000 0.50000
WEIGHTS: None

VERT:
0.39328 5.72475 -0.09363
0.31336 -0.13128 -0.94052
0.60000 0.50000
WEIGHTS: None

VERT:
0.46377 5.88035 -0.06742
-0.32350 0.08100 0.94275
0.70000 1.00000
WEIGHTS: None

VERT:
0.53667 6.03613 -0.06059
-0.82972 0.47131 -0.29905
0.80000 0.75000
WEIGHTS: None

VERT:
0.54384 6.03213 -0.05779
0.82181 -0.45017 0.34926
0.80000 0.25000
WEIGHTS: None

VERT:
0.46377 5.88035 -0.06742
-0.32350 0.08100 0.94275
0.70000 0.00000
WEIGHTS: None

VERT:
0.54156 6.03358 -0.06329
0.29263 -0.11270 -0.94956
0.80000 0.50000
WEIGHTS: None

VERT:
0.62840 6.18163 -0.05848
-0.27032 0.18639 0.94456
0.90000 1.00000
WEIGHTS: None

VERT:
0.53895 6.03468 -0.05509
-0.30659 0.13937 0.94158
0.80000 1.00000
WEIGHTS: None

VERT:
0.62840 6.18163 -0.05848
-0.27032 0.18639 0.94456
0.90000 0.00000
WEIGHTS: None

VERT:
0.53895 6.03468 -0.05509
-0.30659 0.13937 0.94158
0.80000 0.00000
WEIGHTS: None

VERT:
0.63152 6.17961 -0.06029
0.81334 -0.47790 0.33179
0.90000 0.25000
WEIGHTS: None

VERT:
0.62681 6.18250 -0.06218
-0.80968 0.49517 -0.31501
0.90000 0.75000
WEIGHTS: None

VERT:
0.03477 5.09920 0.03915
0.40362 -0.03191 0.91437
0.00000 1.00000
WEIGHTS: None

VERT:
0.02907 5.23529 0.03574
-0.89392 0.00906 0.44814
0.10000 0.75000
WEIGHTS: None

VERT:
0.02023 5.09896 0.03387
-0.91620 0.05396 0.39706
0.00000 0.75000
WEIGHTS: None

VERT:
0.04717 5.23527 0.02727
0.91673 0.00581 -0.39946
0.10000 0.25000
WEIGHTS: None

VERT:
0.03477 5.09920 0.03915
0.40362 -0.03191 0.91437
0.00000 0.00000
WEIGHTS: None

VERT:
0.04005 5.09896 0.02461
0.89318 -0.03795 -0.44809
0.00000 0.25000
WEIGHTS: None

VERT:
0.03389 5.23508 0.02245
-0.40441 -0.01324 -0.91448
0.10000 0.50000
WEIGHTS: None

VERT:
0.02551 5.09871 0.01933
-0.44065 0.04758 -0.89642
0.00000 0.50000
WEIGHTS: None

VERT:
0.04235 5.23548 0.04056
0.44063 0.02698 0.89728
0.10000 1.00000
WEIGHTS: None

VERT:
0.01943 5.37923 0.02747
-0.86113 -0.12233 0.49345
0.20000 0.75000
WEIGHTS: None

VERT:
0.03552 5.38184 0.01960
0.90950 0.16299 -0.38243
0.20000 0.25000
WEIGHTS: None

VERT:
0.04235 5.23548 0.04056
0.44063 0.02698 0.89728
0.10000 0.00000
WEIGHTS: None

VERT:
0.02385 5.37855 0.01548
-0.35555 -0.20488 -0.91193
0.20000 0.50000
WEIGHTS: None

VERT:
-0.02141 5.51073 0.00017
0.34555 0.42983 0.83417
0.30000 1.00000
WEIGHTS: None

VERT:
0.03109 5.38252 0.03159
0.43556 0.23111 0.86999
0.20000 1.00000
WEIGHTS: None

VERT:
-0.02141 5.51073 0.00017
0.34555 0.42983 0.83417
0.30000 0.00000
WEIGHTS: None

VERT:
0.03109 5.38252 0.03159
0.43556 0.23111 0.86999
0.20000 0.00000
WEIGHTS: None

VERT:
-0.01730 5.50971 -0.01048
0.84223 0.31078 -0.44053
0.30000 0.25000
WEIGHTS: None

VERT:
-0.03084 5.50498 -0.00292
-0.82597 -0.27174 0.49390
0.30000 0.75000
WEIGHTS: None

VERT:
-0.09520 5.62622 -0.04181
0.29460 0.48802 0.82162
0.40000 1.00000
WEIGHTS: None

VERT:
-0.09520 5.62622 -0.04181
0.29460 0.48802 0.82162
0.40000 0.00000
WEIGHTS: None

VERT:
-0.02673 5.50396 -0.01357
-0.30762 -0.40346 -0.86174
0.30000 0.50000
WEIGHTS: None

VERT:
-0.09157 5.62533 -0.05123
0.79406 0.36160 -0.48859
0.40000 0.25000
WEIGHTS: None

VERT:
-0.10300 5.62023 -0.04425
-0.80090 -0.35077 0.48530
0.40000 0.75000
WEIGHTS: None

VERT:
-0.17878 5.73241 -0.08270
-0.78929 -0.35884 0.49825
0.50000 0.75000
WEIGHTS: None

VERT:
-0.16897 5.73700 -0.08881
0.78772 0.37978 -0.48504
0.50000 0.25000
WEIGHTS: None

VERT:
-0.17561 5.73161 -0.09086
-0.28305 -0.49363 -0.82232
0.50000 0.50000
WEIGHTS: None

VERT:
-0.09937 5.61935 -0.05367
-0.28783 -0.47128 -0.83370
0.40000 0.50000
WEIGHTS: None

VERT:
-0.25032 5.84642 -0.12522
0.23588 0.51673 0.82301
0.60000 1.00000
WEIGHTS: None

VERT:
-0.17214 5.73781 -0.08065
0.27384 0.50331 0.81957
0.50000 1.00000
WEIGHTS: None

VERT:
-0.24737 5.84534 -0.13198
0.82152 0.32230 -0.47036
0.60000 0.25000
WEIGHTS: None

VERT:
-0.17214 5.73781 -0.08065
0.27384 0.50331 0.81957
0.50000 0.00000
WEIGHTS: None

VERT:
-0.25310 5.84092 -0.13378
-0.29109 -0.52469 -0.79998
0.60000 0.50000
WEIGHTS: None

VERT:
-0.31858 5.95679 -0.18129
-0.84531 -0.26959 0.46127
0.70000 0.75000
WEIGHTS: None

VERT:
-0.25606 5.84201 -0.12702
-0.82696 -0.30922 0.46959
0.60000 0.75000
WEIGHTS: None

VERT:
-0.31384 5.96038 -0.17979
0.25324 0.55428 0.79287
0.70000 0.00000
WEIGHTS: None

VERT:
-0.25032 5.84642 -0.12522
0.23588 0.51673 0.82301
0.60000 0.00000
WEIGHTS: None

VERT:
-0.31599 5.95565 -0.18672
-0.24234 -0.53794 -0.80740
0.70000 0.50000
WEIGHTS: None

VERT:
-0.31384 5.96038 -0.17979
0.25324 0.55428 0.79287
0.70000 1.00000
WEIGHTS: None

VERT:
-0.38769 6.06459 -0.23816
-0.77842 -0.35937 0.51471
0.80000 0.75000
WEIGHTS: None

VERT:
-0.31126 5.95923 -0.18523
0.84493 0.29334 -0.44726
0.70000 0.25000
WEIGHTS: None

VERT:
-0.38433 6.06788 -0.23724
0.24357 0.61657 0.74867
0.80000 0.00000
WEIGHTS: None

VERT:
-0.38577 6.06385 -0.24248
-0.17986 -0.57245 -0.79997
0.80000 0.50000
WEIGHTS: None

VERT:
-0.47945 6.15790 -0.28864
0.19613 0.63428 0.74781
0.90000 1.00000
WEIGHTS: None

VERT:
-0.38433 6.06788 -0.23724
0.24357 0.61657 0.74867
0.80000 1.00000
WEIGHTS: None

VERT:
-0.47820 6.15750 -0.29184
0.71041 0.45440 -0.53744
0.90000 0.25000
WEIGHTS: None

VERT:
-0.38241 6.06714 -0.24156
0.77809 0.38998 -0.49244
0.80000 0.25000
WEIGHTS: None

VERT:
-0.48031 6.15480 -0.29232
-0.18043 -0.61021 -0.77142
0.90000 0.50000
WEIGHTS: None

VERT:
0.22272 3.55892 -0.01736
-0.49584 0.64923 0.57675
0.00000 1.00000
WEIGHTS: None

VERT:
0.32492 3.73670 -0.18728
-0.75525 0.01821 -0.65518
0.12500 0.75000
WEIGHTS: None

VERT:
0.21277 3.53431 -0.06376
-0.74637 0.00745 -0.66549
0.00000 0.75000
WEIGHTS: None

VERT:
0.37535 3.73670 -0.14391
0.76094 0.01822 0.64856
0.12500 0.25000
WEIGHTS: None

VERT:
0.22272 3.55892 -0.01736
-0.49584 0.64923 0.57675
0.00000 0.00000
WEIGHTS: None

VERT:
0.27009 3.53431 -0.01447
0.76993 0.00767 0.63809
0.00000 0.25000
WEIGHTS: None

VERT:
0.36660 3.71507 -0.18474
0.50221 -0.63760 -0.58417
0.12500 0.50000
WEIGHTS: None

VERT:
0.26013 3.50970 -0.06087
0.51031 -0.62249 -0.59337
0.00000 0.50000
WEIGHTS: None

VERT:
0.33367 3.75833 -0.14644
-0.48818 0.66293 0.56763
0.12500 1.00000
WEIGHTS: None

VERT:
0.45195 3.94964 -0.32797
-0.76461 0.01801 -0.64424
0.25000 0.75000
WEIGHTS: None

VERT:
0.49574 3.95008 -0.29084
0.76049 0.03306 0.64851
0.25000 0.25000
WEIGHTS: None

VERT:
0.33367 3.75833 -0.14644
-0.48818 0.66293 0.56763
0.12500 0.00000
WEIGHTS: None

VERT:
0.48727 3.92984 -0.32500
0.47869 -0.68521 -0.54894
0.25000 0.50000
WEIGHTS: None

VERT:
0.58902 4.15551 -0.45214
-0.43561 0.75453 0.49085
0.37500 1.00000
WEIGHTS: None

VERT:
0.46042 3.96987 -0.29381
-0.45695 0.70857 0.53770
0.25000 1.00000
WEIGHTS: None

VERT:
0.61787 4.13753 -0.44860
0.76089 0.01880 0.64861
0.37500 0.25000
WEIGHTS: None

VERT:
0.46042 3.96987 -0.29381
-0.45695 0.70857 0.53770
0.25000 0.00000
WEIGHTS: None

VERT:
0.61010 4.11956 -0.47662
0.43683 -0.73237 -0.52232
0.37500 0.50000
WEIGHTS: None

VERT:
0.73147 4.33080 -0.60820
-0.42445 0.77409 0.46971
0.50000 1.00000
WEIGHTS: None

VERT:
0.58126 4.13754 -0.48015
-0.75378 0.01867 -0.65686
0.37500 0.75000
WEIGHTS: None

VERT:
0.73147 4.33080 -0.60820
-0.42445 0.77409 0.46971
0.50000 0.00000
WEIGHTS: None

VERT:
0.58902 4.15551 -0.45214
-0.43561 0.75453 0.49085
0.37500 0.00000
WEIGHTS: None

VERT:
0.75399 4.31506 -0.60437
0.73478 -0.02604 0.67781
0.50000 0.25000
WEIGHTS: None

VERT:
0.72547 4.31660 -0.63127
-0.71921 0.05184 -0.69286
0.50000 0.75000
WEIGHTS: None

VERT:
0.89028 4.50248 -0.75174
-0.42827 0.77391 0.46652
0.62500 1.00000
WEIGHTS: None

VERT:
0.89028 4.50248 -0.75174
-0.42827 0.77391 0.46652
0.62500 0.00000
WEIGHTS: None

VERT:
0.74800 4.30086 -0.62744
0.41785 -0.75135 -0.51077
0.50000 0.50000
WEIGHTS: None

VERT:
0.90685 4.48955 -0.74814
0.68786 -0.08878 0.72040
0.62500 0.25000
WEIGHTS: None

VERT:
0.88647 4.49246 -0.77017
-0.66440 0.10388 -0.74012
0.62500 0.75000
WEIGHTS: None

VERT:
1.06549 4.67461 -0.87186
-0.45515 0.74932 0.48100
0.75000 1.00000
WEIGHTS: None

VERT:
1.06549 4.67461 -0.87186
-0.45515 0.74932 0.48100
0.75000 0.00000
WEIGHTS: None

VERT:
0.90303 4.47953 -0.76656
0.41703 -0.74818 -0.51606
0.62500 0.50000
WEIGHTS: None

VERT:
1.07659 4.66509 -0.86903
0.62284 -0.16993 0.76367
0.75000 0.25000
WEIGHTS: None

VERT:
1.06386 4.66867 -0.88541
-0.58760 0.16979 -0.79114
0.75000 0.75000
WEIGHTS: None

VERT:
1.25234 4.85147 -0.96464
-0.54971 0.21737 -0.80658
0.87500 0.75000
WEIGHTS: None

VERT:
1.25271 4.85430 -0.95667
-0.46759 0.72552 0.50495
0.87500 0.00000
WEIGHTS: None

VERT:
1.25847 4.84588 -0.96294
0.47539 -0.69776 -0.53585
0.87500 0.50000
WEIGHTS: None

VERT:
1.07496 4.65915 -0.88259
0.44364 -0.71817 -0.53612
0.75000 0.50000
WEIGHTS: None

VERT:
0.49071 4.64180 0.43023
-0.17686 0.73090 -0.65917
0.00000 1.00000
WEIGHTS: None

VERT:
0.55040 4.80660 0.61879
0.95810 0.02351 -0.28545
0.25000 0.75000
WEIGHTS: None

VERT:
0.51277 4.62761 0.43699
0.97176 0.03301 -0.23366
0.00000 0.75000
WEIGHTS: None

VERT:
0.47610 4.62761 0.44808
-0.96007 -0.03101 0.27803
0.00000 0.25000
WEIGHTS: None

VERT:
0.53344 4.81748 0.61356
-0.21020 0.75103 -0.62592
0.25000 0.00000
WEIGHTS: None

VERT:
0.49071 4.64180 0.43023
-0.17686 0.73090 -0.65917
0.00000 0.00000
WEIGHTS: None

VERT:
0.53917 4.79569 0.63250
0.17812 -0.72862 0.66135
0.25000 0.50000
WEIGHTS: None

VERT:
0.49815 4.61341 0.45484
0.22460 -0.70559 0.67209
0.00000 0.50000
WEIGHTS: None

VERT:
0.53344 4.81748 0.61356
-0.21020 0.75103 -0.62592
0.25000 1.00000
WEIGHTS: None

VERT:
0.61840 4.98544 0.81750
0.91056 -0.05684 -0.40945
0.50000 0.75000
WEIGHTS: None

VERT:
0.52222 4.80657 0.62727
-0.95660 0.02010 0.29072
0.25000 0.25000
WEIGHTS: None

VERT:
0.60737 4.99475 0.81581
-0.19911 0.82184 -0.53379
0.50000 0.00000
WEIGHTS: None

VERT:
0.61070 4.97812 0.82742
0.12008 -0.79296 0.59733
0.50000 0.50000
WEIGHTS: None

VERT:
0.73874 5.12473 1.00884
-0.13746 0.86243 -0.48715
0.75000 1.00000
WEIGHTS: None

VERT:
0.60737 4.99475 0.81581
-0.19911 0.82184 -0.53379
0.50000 1.00000
WEIGHTS: None

VERT:
0.73449 5.12071 1.01468
-0.85598 0.17814 0.48535
0.75000 0.25000
WEIGHTS: None

VERT:
0.59967 4.98744 0.82574
-0.90979 0.13262 0.39332
0.50000 0.25000
WEIGHTS: None

VERT:
0.74004 5.11460 1.01452
0.11934 -0.83961 0.52992
0.75000 0.50000
WEIGHTS: None

VERT:
0.75454 5.43623 0.26343
-0.36770 0.58362 0.72401
0.50000 1.00000
WEIGHTS: None

VERT:
0.67633 5.20752 0.39320
-0.88701 0.01418 -0.46153
0.00000 0.75000
WEIGHTS: None

VERT:
0.68203 5.21377 0.40620
-0.36751 0.58419 0.72364
0.00000 1.00000
WEIGHTS: None

VERT:
0.69589 5.20752 0.40313
0.89593 0.01418 0.44397
0.00000 0.25000
WEIGHTS: None

VERT:
0.75454 5.43623 0.26343
-0.36770 0.58362 0.72401
0.50000 0.00000
WEIGHTS: None

VERT:
0.68203 5.21377 0.40620
-0.36751 0.58419 0.72364
0.00000 0.00000
WEIGHTS: None

VERT:
0.75917 5.42912 0.25430
0.37625 -0.55640 -0.74085
0.50000 0.50000
WEIGHTS: None

VERT:
0.69019 5.20127 0.39013
0.37643 -0.55581 -0.74120
0.00000 0.50000
WEIGHTS: None

VERT:
0.83337 5.67883 0.10820
-0.36784 0.58300 0.72444
1.00000 1.00000
WEIGHTS: None

VERT:
0.75130 5.43268 0.25604
-0.88720 0.01361 -0.46118
0.50000 0.75000
WEIGHTS: None

VERT:
0.76241 5.43268 0.26169
0.89576 0.01360 0.44434
0.50000 0.25000
WEIGHTS: None

VERT:
0.83337 5.67883 0.10820
-0.36784 0.58300 0.72444
1.00000 0.00000
WEIGHTS: None

VERT:
0.83449 5.67712 0.10601
0.37609 -0.55700 -0.74048
1.00000 0.50000
WEIGHTS: None

VERT:
0.83259 5.67798 0.10643
-0.88742 0.01301 -0.46079
1.00000 0.75000
WEIGHTS: None

VERT:
1.18495 4.68756 -1.13603
-0.01449 0.99936 0.03272
0.50000 1.00000
WEIGHTS: None

VERT:
1.06060 4.66688 -0.88149
-0.90760 0.00084 -0.41983
0.00000 0.75000
WEIGHTS: None

VERT:
1.07000 4.67739 -0.87672
-0.01451 0.99936 0.03272
0.00000 1.00000
WEIGHTS: None

VERT:
1.07985 4.66688 -0.87295
0.92056 0.00084 0.39059
0.00000 0.25000
WEIGHTS: None

VERT:
1.18495 4.68756 -1.13603
-0.01449 0.99936 0.03272
0.50000 0.00000
WEIGHTS: None

VERT:
1.07000 4.67739 -0.87672
-0.01451 0.99936 0.03272
0.00000 0.00000
WEIGHTS: None

VERT:
1.07045 4.65636 -0.87772
0.02747 -0.99770 -0.06196
0.00000 0.50000
WEIGHTS: None

VERT:
1.19055 4.68158 -1.13389
0.92059 0.00080 0.39054
0.50000 0.25000
WEIGHTS: None

VERT:
1.18520 4.67560 -1.13660
0.02747 -0.99770 -0.06197
0.50000 0.50000
WEIGHTS: None

VERT:
-0.20773 4.04670 -0.12796
0.27270 0.53212 0.80155
0.00000 1.00000
WEIGHTS: None

VERT:
-0.26971 4.21429 -0.24719
-0.94354 0.01637 0.33084
0.12500 0.75000
WEIGHTS: None

VERT:
-0.24045 4.03250 -0.14038
-0.95051 0.02878 0.30936
0.00000 0.75000
WEIGHTS: None

VERT:
-0.19010 4.03250 -0.15820
0.94224 -0.01023 -0.33477
0.00000 0.25000
WEIGHTS: None

VERT:
-0.24086 4.22677 -0.23623
0.28944 0.54294 0.78832
0.12500 0.00000
WEIGHTS: None

VERT:
-0.20773 4.04670 -0.12796
0.27270 0.53212 0.80155
0.00000 0.00000
WEIGHTS: None

VERT:
-0.25417 4.20177 -0.27384
-0.27578 -0.51863 -0.80930
0.12500 0.50000
WEIGHTS: None

VERT:
-0.22282 4.01831 -0.17061
-0.29722 -0.50630 -0.80952
0.00000 0.50000
WEIGHTS: None

VERT:
-0.24086 4.22677 -0.23623
0.28944 0.54294 0.78832
0.12500 1.00000
WEIGHTS: None

VERT:
-0.31294 4.40751 -0.36426
-0.92613 -0.01807 0.37678
0.25000 0.75000
WEIGHTS: None

VERT:
-0.27501 4.40940 -0.37905
0.93404 0.07351 -0.34952
0.25000 0.25000
WEIGHTS: None

VERT:
-0.22532 4.21425 -0.26288
0.94198 0.01449 -0.33536
0.12500 0.25000
WEIGHTS: None

VERT:
-0.29940 4.39636 -0.38713
-0.25465 -0.58110 -0.77296
0.25000 0.50000
WEIGHTS: None

VERT:
-0.35649 4.58990 -0.48713
0.28067 0.62319 0.72997
0.37500 1.00000
WEIGHTS: None

VERT:
-0.28854 4.42055 -0.35618
0.27716 0.60496 0.74647
0.25000 1.00000
WEIGHTS: None

VERT:
-0.35649 4.58990 -0.48713
0.28067 0.62319 0.72997
0.37500 0.00000
WEIGHTS: None

VERT:
-0.28854 4.42055 -0.35618
0.27716 0.60496 0.74647
0.25000 0.00000
WEIGHTS: None

VERT:
-0.34545 4.58152 -0.50714
0.89266 0.12121 -0.43412
0.37500 0.25000
WEIGHTS: None

VERT:
-0.37652 4.57733 -0.49293
-0.91268 -0.12216 0.38999
0.37500 0.75000
WEIGHTS: None

VERT:
-0.44106 4.76265 -0.58975
0.36865 0.46224 0.80649
0.50000 1.00000
WEIGHTS: None

VERT:
-0.44106 4.76265 -0.58975
0.36865 0.46224 0.80649
0.50000 0.00000
WEIGHTS: None

VERT:
-0.36547 4.56895 -0.51294
-0.24208 -0.59395 -0.76722
0.37500 0.50000
WEIGHTS: None

VERT:
-0.43391 4.75990 -0.60808
0.81668 0.22429 -0.53172
0.50000 0.25000
WEIGHTS: None

VERT:
-0.45772 4.75307 -0.59481
-0.87668 -0.26286 0.40292
0.50000 0.75000
WEIGHTS: None

VERT:
-0.54754 4.95133 -0.62051
-0.81072 -0.33387 0.48090
0.62500 0.75000
WEIGHTS: None

VERT:
-0.53013 4.95880 -0.63124
0.78805 0.35239 -0.50478
0.62500 0.25000
WEIGHTS: None

VERT:
-0.54338 4.95211 -0.63531
-0.41458 -0.25461 -0.87367
0.62500 0.50000
WEIGHTS: None

VERT:
-0.45057 4.75032 -0.61314
-0.31374 -0.41866 -0.85223
0.50000 0.50000
WEIGHTS: None

VERT:
-0.53428 4.95802 -0.61644
0.42163 0.28816 0.85977
0.62500 1.00000
WEIGHTS: None

VERT:
-0.64357 5.15303 -0.63010
-0.79655 -0.29912 0.52539
0.75000 0.75000
WEIGHTS: None

VERT:
-0.63109 5.15806 -0.63769
0.81818 0.35390 -0.45314
0.75000 0.25000
WEIGHTS: None

VERT:
-0.53428 4.95802 -0.61644
0.42163 0.28816 0.85977
0.62500 0.00000
WEIGHTS: None

VERT:
-0.64032 5.15296 -0.64053
-0.41138 -0.32851 -0.85020
0.75000 0.50000
WEIGHTS: None

VERT:
-0.73401 5.34839 -0.68560
0.31982 0.45622 0.83041
0.87500 1.00000
WEIGHTS: None

VERT:
-0.63434 5.15813 -0.62726
0.36533 0.34013 0.86651
0.75000 1.00000
WEIGHTS: None

VERT:
-0.73401 5.34839 -0.68560
0.31982 0.45622 0.83041
0.87500 0.00000
WEIGHTS: None

VERT:
-0.63434 5.15813 -0.62726
0.36533 0.34013 0.86651
0.75000 0.00000
WEIGHTS: None

VERT:
-0.73172 5.34761 -0.69158
0.83108 0.29449 -0.47179
0.87500 0.25000
WEIGHTS: None

VERT:
-0.73932 5.34509 -0.68721
-0.83506 -0.25865 0.48557
0.87500 0.75000
WEIGHTS: None

VERT:
-0.83370 5.53403 -0.75705
0.31500 0.48361 0.81664
1.00000 1.00000
WEIGHTS: None

VERT:
-0.83370 5.53403 -0.75705
0.31500 0.48361 0.81664
1.00000 0.00000
WEIGHTS: None

VERT:
-0.73702 5.34432 -0.69319
-0.34082 -0.43482 -0.83353
0.87500 0.50000
WEIGHTS: None

VERT:
-0.83300 5.53380 -0.75888
0.82761 0.27294 -0.49048
1.00000 0.25000
WEIGHTS: None

VERT:
-0.83532 5.53303 -0.75755
-0.84839 -0.26097 0.46058
1.00000 0.75000
WEIGHTS: None

VERT:
-1.02477 4.32026 -0.32275
0.09087 0.99585 -0.00587
0.00000 1.00000
WEIGHTS: None

VERT:
-1.26089 4.33019 -0.30011
0.02841 0.04090 0.99876
0.25000 0.75000
WEIGHTS: None

VERT:
-1.02432 4.30514 -0.30764
0.02740 -0.04159 0.99876
0.00000 0.75000
WEIGHTS: None

VERT:
-1.26187 4.33019 -0.32352
-0.05539 0.04111 -0.99762
0.25000 0.25000
WEIGHTS: None

VERT:
-1.02477 4.32026 -0.32275
0.09087 0.99585 -0.00587
0.00000 0.00000
WEIGHTS: None

VERT:
-1.02558 4.30514 -0.33785
-0.06485 -0.04124 -0.99704
0.00000 0.25000
WEIGHTS: None

VERT:
-1.26155 4.31848 -0.31181
-0.02920 -0.99957 0.00325
0.25000 0.50000
WEIGHTS: None

VERT:
-1.02513 4.29003 -0.32274
-0.11934 -0.99285 0.00318
0.00000 0.50000
WEIGHTS: None

VERT:
-1.26121 4.34191 -0.31182
0.00116 1.00000 0.00176
0.25000 1.00000
WEIGHTS: None

VERT:
-1.51195 4.31091 -0.29406
0.01586 0.10009 0.99485
0.50000 0.75000
WEIGHTS: None

VERT:
-1.51240 4.31094 -0.31067
-0.05900 0.09944 -0.99329
0.50000 0.25000
WEIGHTS: None

VERT:
-1.26121 4.34191 -0.31182
0.00116 1.00000 0.00176
0.25000 0.00000
WEIGHTS: None

VERT:
-1.50970 4.30299 -0.30245
0.06349 -0.99798 0.00163
0.50000 0.50000
WEIGHTS: None

VERT:
-0.44638 4.76839 -0.59441
-0.07370 0.83556 0.54444
0.00000 1.00000
WEIGHTS: None

VERT:
-0.42672 4.88491 -0.78967
-0.99630 0.03171 -0.07994
0.25000 0.75000
WEIGHTS: None

VERT:
-0.45961 4.75648 -0.60256
-0.98677 0.01791 -0.16115
0.00000 0.75000
WEIGHTS: None

VERT:
-0.43202 4.75648 -0.60033
0.99298 -0.04899 0.10766
0.00000 0.25000
WEIGHTS: None

VERT:
-0.41648 4.89412 -0.78332
-0.01367 0.86534 0.50100
0.25000 0.00000
WEIGHTS: None

VERT:
-0.44638 4.76839 -0.59441
-0.07370 0.83556 0.54444
0.00000 0.00000
WEIGHTS: None

VERT:
-0.41559 4.87569 -0.79426
0.07100 -0.85166 -0.51927
0.25000 0.50000
WEIGHTS: None

VERT:
-0.44524 4.74458 -0.60848
0.01926 -0.81832 -0.57444
0.00000 0.50000
WEIGHTS: None

VERT:
-0.41648 4.89412 -0.78332
-0.01367 0.86534 0.50100
0.25000 1.00000
WEIGHTS: None

VERT:
-0.42069 4.99590 -1.00390
-0.99236 -0.01510 0.12242
0.50000 0.75000
WEIGHTS: None

VERT:
-0.40535 4.88489 -0.78791
0.99607 0.02767 0.08420
0.25000 0.25000
WEIGHTS: None

VERT:
-0.41352 5.00376 -1.00229
0.01227 0.95226 0.30505
0.50000 0.00000
WEIGHTS: None

VERT:
-0.41279 4.98939 -1.00722
0.12101 -0.93083 -0.34483
0.50000 0.50000
WEIGHTS: None

VERT:
-0.47778 5.03770 -1.22525
-0.07489 0.99122 0.10900
0.75000 1.00000
WEIGHTS: None

VERT:
-0.41352 5.00376 -1.00229
0.01227 0.95226 0.30505
0.50000 1.00000
WEIGHTS: None

VERT:
-0.47313 5.03386 -1.22725
0.93248 0.15911 -0.32429
0.75000 0.25000
WEIGHTS: None

VERT:
-0.40563 4.99725 -1.00561
0.98341 0.14847 -0.10419
0.50000 0.25000
WEIGHTS: None

VERT:
-0.47692 5.02884 -1.22641
0.11852 -0.98139 -0.15111
0.75000 0.50000
WEIGHTS: None

VERT:
-0.56834 5.04050 -1.44675
-0.14569 0.98670 0.07207
1.00000 1.00000
WEIGHTS: None

VERT:
-0.48157 5.03267 -1.22441
-0.94612 -0.10422 0.30660
0.75000 0.75000
WEIGHTS: None

VERT:
-0.56692 5.03933 -1.44736
0.91519 0.11182 -0.38721
1.00000 0.25000
WEIGHTS: None

VERT:
-0.47778 5.03770 -1.22525
-0.07489 0.99122 0.10900
0.75000 0.00000
WEIGHTS: None

VERT:
-0.56808 5.03779 -1.44711
0.08643 -0.99335 -0.07611
1.00000 0.50000
WEIGHTS: None

VERT:
-1.41280 3.94207 -0.66428
-0.69567 0.41368 -0.58729
0.50000 1.00000
WEIGHTS: None

VERT:
-1.33876 4.15066 -0.59090
-0.64978 -0.01321 0.76001
0.00000 0.75000
WEIGHTS: None

VERT:
-1.33914 4.15421 -0.60210
-0.69565 0.41369 -0.58730
0.00000 1.00000
WEIGHTS: None

VERT:
-1.40625 3.93997 -0.66517
0.64023 -0.01321 -0.76807
0.50000 0.25000
WEIGHTS: None

VERT:
-1.33914 4.15421 -0.60210
-0.69565 0.41369 -0.58730
0.00000 0.00000
WEIGHTS: None

VERT:
-1.32804 4.15066 -0.60360
0.64026 -0.01321 -0.76805
0.00000 0.25000
WEIGHTS: None

VERT:
-1.40602 3.93788 -0.65856
0.68612 -0.44012 0.57925
0.50000 0.50000
WEIGHTS: None

VERT:
-1.32766 4.14711 -0.59240
0.68613 -0.44011 0.57925
0.00000 0.50000
WEIGHTS: None

VERT:
0.02565 4.73457 0.19271
0.25724 0.79359 -0.55139
0.00000 1.00000
WEIGHTS: None

VERT:
-0.02802 4.83736 0.34713
0.91030 0.02237 0.41335
0.12500 0.75000
WEIGHTS: None

VERT:
0.03886 4.71852 0.21140
0.89662 -0.00120 0.44279
0.00000 0.75000
WEIGHTS: None

VERT:
-0.05983 4.83735 0.33262
-0.90899 0.02155 -0.41627
0.12500 0.25000
WEIGHTS: None

VERT:
0.02565 4.73457 0.19271
0.25724 0.79359 -0.55139
0.00000 0.00000
WEIGHTS: None

VERT:
0.00288 4.71852 0.19501
-0.91482 -0.01543 -0.40358
0.00000 0.25000
WEIGHTS: None

VERT:
-0.04816 4.82317 0.34918
-0.25107 -0.80441 0.53841
0.12500 0.50000
WEIGHTS: None

VERT:
0.01609 4.70246 0.21369
-0.25527 -0.77887 0.57288
0.00000 0.50000
WEIGHTS: None

VERT:
-0.03969 4.85154 0.33058
0.23389 0.81791 -0.52566
0.12500 1.00000
WEIGHTS: None

VERT:
-0.09971 4.95129 0.50445
0.93762 0.00563 0.34762
0.25000 0.75000
WEIGHTS: None

VERT:
-0.12808 4.95246 0.49359
-0.92769 0.07901 -0.36489
0.25000 0.25000
WEIGHTS: None

VERT:
-0.03969 4.85154 0.33058
0.23389 0.81791 -0.52566
0.12500 0.00000
WEIGHTS: None

VERT:
-0.11692 4.93846 0.50549
-0.23041 -0.87564 0.42445
0.25000 0.50000
WEIGHTS: None

VERT:
-0.16396 5.04093 0.67437
0.17055 0.94594 -0.27588
0.37500 1.00000
WEIGHTS: None

VERT:
-0.11086 4.96529 0.49255
0.17165 0.88833 -0.42591
0.25000 1.00000
WEIGHTS: None

VERT:
-0.17800 5.02928 0.67363
-0.93447 0.07130 -0.34884
0.37500 0.25000
WEIGHTS: None

VERT:
-0.11086 4.96529 0.49255
0.17165 0.88833 -0.42591
0.25000 0.00000
WEIGHTS: None

VERT:
-0.16789 5.01656 0.68197
-0.13155 -0.94033 0.31381
0.37500 0.50000
WEIGHTS: None

VERT:
-0.24022 5.09365 0.85183
0.20345 0.95734 -0.20521
0.50000 1.00000
WEIGHTS: None

VERT:
-0.15384 5.02822 0.68271
0.93526 -0.01321 0.35372
0.37500 0.75000
WEIGHTS: None

VERT:
-0.25046 5.08310 0.84867
-0.83406 -0.04627 -0.54973
0.50000 0.25000
WEIGHTS: None

VERT:
-0.16396 5.04093 0.67437
0.17055 0.94594 -0.27588
0.37500 0.00000
WEIGHTS: None

VERT:
-0.24313 5.07335 0.85747
-0.07172 -0.94427 0.32127
0.50000 0.50000
WEIGHTS: None

VERT:
-0.37720 5.14666 0.99335
0.68534 0.14071 0.71450
0.62500 0.75000
WEIGHTS: None

VERT:
-0.23290 5.08391 0.86064
0.81870 0.03179 0.57334
0.50000 0.75000
WEIGHTS: None

VERT:
-0.38228 5.15405 0.98566
0.07918 0.97844 -0.19074
0.62500 0.00000
WEIGHTS: None

VERT:
-0.24022 5.09365 0.85183
0.20345 0.95734 -0.20521
0.50000 0.00000
WEIGHTS: None

VERT:
-0.38365 5.13776 0.98905
-0.08558 -0.97253 0.21648
0.62500 0.50000
WEIGHTS: None

VERT:
-0.38228 5.15405 0.98566
0.07918 0.97844 -0.19074
0.62500 1.00000
WEIGHTS: None

VERT:
-0.52439 5.16416 1.12494
0.75724 0.19325 0.62389
0.75000 0.75000
WEIGHTS: None

VERT:
-0.38873 5.14515 0.98136
-0.69354 -0.03938 -0.71934
0.62500 0.25000
WEIGHTS: None

VERT:
-0.53001 5.16964 1.12148
-0.19525 0.98066 0.01363
0.75000 0.00000
WEIGHTS: None

VERT:
-0.52830 5.15764 1.12095
0.06755 -0.99417 -0.08407
0.75000 0.50000
WEIGHTS: None

VERT:
-0.61423 5.10366 1.28920
-0.28329 0.93226 0.22503
0.87500 1.00000
WEIGHTS: None

VERT:
-0.53001 5.16964 1.12148
-0.19525 0.98066 0.01363
0.75000 1.00000
WEIGHTS: None

VERT:
-0.53392 5.16312 1.11750
-0.80121 0.00296 -0.59838
0.75000 0.25000
WEIGHTS: None

VERT:
-0.61423 5.10366 1.28920
-0.28329 0.93226 0.22503
0.87500 0.00000
WEIGHTS: None

VERT:
-0.61647 5.09971 1.28637
-0.88206 -0.08565 -0.46328
0.87500 0.25000
WEIGHTS: None

VERT:
-0.60976 5.10077 1.28971
0.85118 0.15644 0.50102
0.87500 0.75000
WEIGHTS: None

VERT:
-0.24190 5.09386 0.85706
-0.01111 0.98858 0.15029
0.00000 1.00000
WEIGHTS: None

VERT:
-0.25348 5.05436 1.06080
0.99317 0.03574 0.11109
0.25000 0.75000
WEIGHTS: None

VERT:
-0.23109 5.08350 0.85563
0.99381 -0.04343 0.10229
0.00000 0.75000
WEIGHTS: None

VERT:
-0.27011 5.05436 1.05927
-0.99672 0.03558 -0.07263
0.25000 0.25000
WEIGHTS: None

VERT:
-0.24190 5.09386 0.85706
-0.01111 0.98858 0.15029
0.00000 0.00000
WEIGHTS: None

VERT:
-0.25226 5.08350 0.85368
-0.99489 -0.04112 -0.09219
0.00000 0.25000
WEIGHTS: None

VERT:
-0.26162 5.04622 1.05816
0.01701 -0.97674 -0.21376
0.25000 0.50000
WEIGHTS: None

VERT:
-0.24145 5.07315 0.85224
0.01423 -0.99164 -0.12828
0.00000 0.50000
WEIGHTS: None

VERT:
-0.26197 5.06249 1.06191
-0.02396 0.97188 0.23424
0.25000 1.00000
WEIGHTS: None

VERT:
-0.27383 4.98602 1.26981
0.98756 0.08564 0.13184
0.50000 0.75000
WEIGHTS: None

VERT:
-0.28593 4.98594 1.26891
-0.99742 0.06996 -0.01638
0.50000 0.25000
WEIGHTS: None

VERT:
-0.26197 5.06249 1.06191
-0.02396 0.97188 0.23424
0.25000 0.00000
WEIGHTS: None

VERT:
-0.27961 4.98075 1.26630
0.03567 -0.86811 -0.49509
0.50000 0.50000
WEIGHTS: None

VERT:
-0.28765 4.84459 1.42740
-0.05925 0.66404 0.74535
0.75000 1.00000
WEIGHTS: None

VERT:
-0.28014 4.99121 1.27242
-0.04956 0.85740 0.51226
0.50000 1.00000
WEIGHTS: None

VERT:
-0.28765 4.84459 1.42740
-0.05925 0.66404 0.74535
0.75000 0.00000
WEIGHTS: None

VERT:
-0.28014 4.99121 1.27242
-0.04956 0.85740 0.51226
0.50000 0.00000
WEIGHTS: None

VERT:
-0.29121 4.84197 1.42438
-0.99973 -0.00093 -0.02308
0.75000 0.25000
WEIGHTS: None

VERT:
-0.28366 4.84212 1.42483
0.99477 0.03782 0.09492
0.75000 0.75000
WEIGHTS: None

VERT:
-0.29073 4.66987 1.55732
-0.05624 0.59642 0.80070
1.00000 1.00000
WEIGHTS: None

VERT:
-0.29073 4.66987 1.55732
-0.05624 0.59642 0.80070
1.00000 0.00000
WEIGHTS: None

VERT:
-0.28722 4.83951 1.42181
0.05370 -0.67967 -0.73155
0.75000 0.50000
WEIGHTS: None

VERT:
-0.29214 4.66884 1.55612
-0.99535 -0.05494 -0.07918
1.00000 0.25000
WEIGHTS: None

VERT:
-0.28914 4.66890 1.55630
0.99948 -0.00779 0.03140
1.00000 0.75000
WEIGHTS: None

VERT:
0.39865 5.90666 0.39785
0.27743 0.27205 -0.92142
0.00000 1.00000
WEIGHTS: None

VERT:
0.38691 6.07952 0.44923
0.95658 0.01153 0.29124
0.50000 0.75000
WEIGHTS: None

VERT:
0.40254 5.90516 0.40480
0.95658 0.01153 0.29125
0.00000 0.75000
WEIGHTS: None

VERT:
0.38007 6.07952 0.44717
-0.95837 0.01153 -0.28531
0.50000 0.25000
WEIGHTS: None

VERT:
0.39865 5.90666 0.39785
0.27743 0.27205 -0.92142
0.00000 0.00000
WEIGHTS: None

VERT:
0.39157 5.90516 0.40149
-0.95836 0.01153 -0.28531
0.00000 0.25000
WEIGHTS: None

VERT:
0.39546 5.90367 0.40844
-0.27922 -0.24899 0.92738
0.00000 0.50000
WEIGHTS: None

VERT:
0.06258 5.13444 -0.10129
0.16379 0.74114 0.65106
0.00000 1.00000
WEIGHTS: None

VERT:
0.02360 5.22585 -0.21150
-0.96930 0.02033 0.24502
0.12500 0.75000
WEIGHTS: None

VERT:
0.04947 5.12552 -0.10578
-0.97438 -0.01470 0.22445
0.00000 0.75000
WEIGHTS: None

VERT:
0.04374 5.22585 -0.21646
0.97234 0.02089 -0.23263
0.12500 0.25000
WEIGHTS: None

VERT:
0.06258 5.13444 -0.10129
0.16379 0.74114 0.65106
0.00000 0.00000
WEIGHTS: None

VERT:
0.07210 5.12552 -0.11135
0.96440 -0.00436 -0.26442
0.00000 0.25000
WEIGHTS: None

VERT:
0.03208 5.21792 -0.22047
-0.15886 -0.75891 -0.63152
0.12500 0.50000
WEIGHTS: None

VERT:
0.05900 5.11660 -0.11585
-0.15998 -0.72934 -0.66519
0.00000 0.50000
WEIGHTS: None

VERT:
0.03527 5.23378 -0.20749
0.14913 0.76976 0.62067
0.12500 1.00000
WEIGHTS: None

VERT:
-0.00433 5.32367 -0.33543
-0.97054 0.04871 0.23597
0.25000 0.75000
WEIGHTS: None

VERT:
0.01338 5.32345 -0.33948
0.97760 0.02528 -0.20893
0.25000 0.25000
WEIGHTS: None

VERT:
0.03527 5.23378 -0.20749
0.14913 0.76976 0.62067
0.12500 0.00000
WEIGHTS: None

VERT:
0.00334 5.31592 -0.34221
-0.13770 -0.83708 -0.52947
0.25000 0.50000
WEIGHTS: None

VERT:
-0.02237 5.40264 -0.46857
0.09026 0.92577 0.36716
0.37500 1.00000
WEIGHTS: None

VERT:
0.00571 5.33121 -0.33270
0.12327 0.84609 0.51859
0.25000 1.00000
WEIGHTS: None

VERT:
-0.01551 5.39524 -0.47299
0.98214 0.01350 -0.18766
0.37500 0.25000
WEIGHTS: None

VERT:
0.00571 5.33121 -0.33270
0.12327 0.84609 0.51859
0.25000 0.00000
WEIGHTS: None

VERT:
-0.02392 5.38826 -0.47438
-0.10965 -0.91893 -0.37886
0.37500 0.50000
WEIGHTS: None

VERT:
-0.04732 5.44830 -0.61500
0.06004 0.96378 0.25984
0.50000 1.00000
WEIGHTS: None

VERT:
-0.03079 5.39566 -0.46995
-0.97712 0.06598 0.20220
0.37500 0.75000
WEIGHTS: None

VERT:
-0.04732 5.44830 -0.61500
0.06004 0.96378 0.25984
0.50000 0.00000
WEIGHTS: None

VERT:
-0.02237 5.40264 -0.46857
0.09026 0.92577 0.36716
0.37500 0.00000
WEIGHTS: None

VERT:
-0.04142 5.44172 -0.61758
0.99016 -0.03488 -0.13555
0.50000 0.25000
WEIGHTS: None

VERT:
-0.05431 5.44237 -0.61588
-0.98998 0.06312 0.12630
0.50000 0.75000
WEIGHTS: None

VERT:
-0.06347 5.48140 -0.77143
-0.98460 0.12658 0.12062
0.62500 0.75000
WEIGHTS: None

VERT:
-0.05312 5.48087 -0.77272
0.99177 0.02125 -0.12626
0.62500 0.25000
WEIGHTS: None

VERT:
-0.05862 5.47594 -0.77247
-0.04039 -0.99521 -0.08899
0.62500 0.50000
WEIGHTS: None

VERT:
-0.04840 5.43579 -0.61845
-0.10679 -0.95700 -0.26970
0.50000 0.50000
WEIGHTS: None

VERT:
-0.05798 5.48633 -0.77167
0.07695 0.99477 0.06722
0.62500 1.00000
WEIGHTS: None

VERT:
-0.08785 5.46961 -0.92004
-0.94902 0.20195 0.24202
0.75000 0.75000
WEIGHTS: None

VERT:
-0.08037 5.46901 -0.92241
0.93715 0.02957 -0.34767
0.75000 0.25000
WEIGHTS: None

VERT:
-0.05798 5.48633 -0.77167
0.07695 0.99477 0.06722
0.62500 0.00000
WEIGHTS: None

VERT:
-0.08396 5.46563 -0.91984
0.10894 -0.94121 0.31978
0.75000 0.50000
WEIGHTS: None

VERT:
-0.14732 5.38392 -1.02813
-0.17725 0.71627 -0.67494
0.87500 1.00000
WEIGHTS: None

VERT:
-0.08425 5.47299 -0.92261
0.01095 0.92692 -0.37510
0.75000 1.00000
WEIGHTS: None

VERT:
-0.14732 5.38392 -1.02813
-0.17725 0.71627 -0.67494
0.87500 0.00000
WEIGHTS: None

VERT:
-0.08425 5.47299 -0.92261
0.01095 0.92692 -0.37510
0.75000 0.00000
WEIGHTS: None

VERT:
-0.14449 5.38153 -1.02758
0.85979 -0.14401 -0.48991
0.87500 0.25000
WEIGHTS: None

VERT:
-0.14913 5.38247 -1.02519
-0.88787 0.21237 0.40815
0.87500 0.75000
WEIGHTS: None

VERT:
-0.22139 5.26482 -1.10592
-0.27110 0.63886 -0.71997
1.00000 1.00000
WEIGHTS: None

VERT:
-0.22139 5.26482 -1.10592
-0.27110 0.63886 -0.71997
1.00000 0.00000
WEIGHTS: None

VERT:
-0.14630 5.38008 -1.02463
0.21253 -0.73544 0.64340
0.87500 0.50000
WEIGHTS: None

VERT:
-0.21994 5.26359 -1.10564
0.85811 -0.25344 -0.44656
1.00000 0.25000
WEIGHTS: None

VERT:
-0.22232 5.26408 -1.10440
-0.83930 0.17431 0.51497
1.00000 0.75000
WEIGHTS: None

VERT:
-0.08391 5.47285 -0.92293
0.04987 0.89655 -0.44013
0.00000 1.00000
WEIGHTS: None

VERT:
-0.06872 5.39169 -1.08051
-0.99291 -0.00302 -0.11881
0.50000 0.75000
WEIGHTS: None

VERT:
-0.08802 5.46931 -0.92167
-0.99288 -0.00316 -0.11909
0.00000 0.75000
WEIGHTS: None

VERT:
-0.06346 5.39169 -1.07992
0.99432 -0.00303 0.10641
0.50000 0.25000
WEIGHTS: None

VERT:
-0.08391 5.47285 -0.92293
0.04987 0.89655 -0.44013
0.00000 0.00000
WEIGHTS: None

VERT:
-0.08020 5.46931 -0.92078
0.99435 -0.00315 0.10614
0.00000 0.25000
WEIGHTS: None

VERT:
-0.08430 5.46577 -0.91952
-0.04842 -0.90287 0.42718
0.00000 0.50000
WEIGHTS: None

VERT:
-0.04639 5.30836 -1.25401
0.04983 0.89681 -0.43960
1.00000 1.00000
WEIGHTS: None

VERT:
-0.06596 5.39408 -1.08136
0.04985 0.89668 -0.43986
0.50000 1.00000
WEIGHTS: None

VERT:
-0.04639 5.30836 -1.25401
0.04983 0.89681 -0.43960
1.00000 0.00000
WEIGHTS: None

VERT:
-0.06596 5.39408 -1.08136
0.04985 0.89668 -0.43986
0.50000 0.00000
WEIGHTS: None

VERT:
-0.06622 5.38931 -1.07907
-0.04845 -0.90274 0.42746
0.50000 0.50000
WEIGHTS: None

VERT:
-0.04510 5.30713 -1.25327
0.99429 -0.00287 0.10665
1.00000 0.25000
WEIGHTS: None

VERT:
-0.04652 5.30591 -1.25283
-0.04844 -0.90261 0.42773
1.00000 0.50000
WEIGHTS: None

VERT:
0.02197 5.38558 0.01979
-0.66239 0.59604 -0.45385
0.00000 1.00000
WEIGHTS: None

VERT:
0.09743 5.48971 0.06285
0.56178 0.00934 -0.82723
0.12500 0.75000
WEIGHTS: None

VERT:
0.03218 5.38054 0.01663
0.57339 0.00414 -0.81927
0.00000 0.75000
WEIGHTS: None

VERT:
0.08900 5.48971 0.07522
-0.56492 0.00903 0.82510
0.12500 0.25000
WEIGHTS: None

VERT:
0.02197 5.38558 0.01979
-0.66239 0.59604 -0.45385
0.00000 0.00000
WEIGHTS: None

VERT:
0.02277 5.38054 0.03044
-0.55723 -0.00252 0.83036
0.00000 0.25000
WEIGHTS: None

VERT:
0.09814 5.48519 0.07240
0.66095 -0.59844 0.45278
0.12500 0.50000
WEIGHTS: None

VERT:
0.03297 5.37549 0.02729
0.67079 -0.58563 0.45506
0.00000 0.50000
WEIGHTS: None

VERT:
0.08828 5.49422 0.06568
-0.65680 0.60830 -0.44562
0.12500 1.00000
WEIGHTS: None

VERT:
0.17213 5.60564 0.11415
0.54329 0.00052 -0.83954
0.25000 0.75000
WEIGHTS: None

VERT:
0.16483 5.60585 0.12518
-0.56056 0.03330 0.82744
0.25000 0.25000
WEIGHTS: None

VERT:
0.08828 5.49422 0.06568
-0.65680 0.60830 -0.44562
0.12500 0.00000
WEIGHTS: None

VERT:
0.17263 5.60146 0.12250
0.62746 -0.64370 0.43811
0.25000 0.50000
WEIGHTS: None

VERT:
0.24746 5.71319 0.16689
-0.59407 0.68994 -0.41360
0.37500 1.00000
WEIGHTS: None

VERT:
0.16432 5.61003 0.11683
-0.62952 0.65315 -0.42083
0.25000 1.00000
WEIGHTS: None

VERT:
0.24746 5.71319 0.16689
-0.59407 0.68994 -0.41360
0.37500 0.00000
WEIGHTS: None

VERT:
0.16432 5.61003 0.11683
-0.62952 0.65315 -0.42083
0.25000 0.00000
WEIGHTS: None

VERT:
0.24776 5.70938 0.17405
-0.54721 0.02790 0.83653
0.37500 0.25000
WEIGHTS: None

VERT:
0.25406 5.70914 0.16445
0.55033 -0.01426 -0.83482
0.37500 0.75000
WEIGHTS: None

VERT:
0.32978 5.81454 0.22032
-0.60906 0.65835 -0.44229
0.50000 1.00000
WEIGHTS: None

VERT:
0.32978 5.81454 0.22032
-0.60906 0.65835 -0.44229
0.50000 0.00000
WEIGHTS: None

VERT:
0.25435 5.70532 0.17161
0.60692 -0.68116 0.40946
0.37500 0.50000
WEIGHTS: None

VERT:
0.32999 5.81126 0.22637
-0.56148 -0.03124 0.82690
0.50000 0.25000
WEIGHTS: None

VERT:
0.33564 5.81146 0.21844
0.59663 0.01057 -0.80245
0.50000 0.75000
WEIGHTS: None

VERT:
0.40115 5.92332 0.27671
0.59669 0.07425 -0.79903
0.62500 0.75000
WEIGHTS: None

VERT:
0.39631 5.92286 0.28306
-0.61283 -0.04222 0.78909
0.62500 0.25000
WEIGHTS: None

VERT:
0.40125 5.92052 0.28161
0.63509 -0.63923 0.43364
0.62500 0.50000
WEIGHTS: None

VERT:
0.33586 5.80818 0.22449
0.63876 -0.64821 0.41450
0.50000 0.50000
WEIGHTS: None

VERT:
0.39621 5.92567 0.27815
-0.62624 0.64892 -0.43212
0.62500 1.00000
WEIGHTS: None

VERT:
0.47208 6.02700 0.34035
0.56309 0.08389 -0.82213
0.75000 0.75000
WEIGHTS: None

VERT:
0.46839 6.02676 0.34539
-0.61379 0.00464 0.78946
0.75000 0.25000
WEIGHTS: None

VERT:
0.39621 5.92567 0.27815
-0.62624 0.64892 -0.43212
0.62500 0.00000
WEIGHTS: None

VERT:
0.47194 6.02451 0.34400
0.53944 -0.75232 0.37817
0.75000 0.50000
WEIGHTS: None

VERT:
0.56435 6.10773 0.40987
-0.43550 0.85669 -0.27642
0.87500 1.00000
WEIGHTS: None

VERT:
0.46853 6.02924 0.34174
-0.54956 0.75928 -0.34855
0.75000 1.00000
WEIGHTS: None

VERT:
0.56435 6.10773 0.40987
-0.43550 0.85669 -0.27642
0.87500 0.00000
WEIGHTS: None

VERT:
0.46853 6.02924 0.34174
-0.54956 0.75928 -0.34855
0.75000 0.00000
WEIGHTS: None

VERT:
0.56407 6.10577 0.41237
-0.56664 0.00765 0.82393
0.87500 0.25000
WEIGHTS: None

VERT:
0.56660 6.10583 0.40864
0.55674 0.03490 -0.82996
0.87500 0.75000
WEIGHTS: None

VERT:
0.66808 6.17515 0.47968
-0.39651 0.88022 -0.26075
1.00000 1.00000
WEIGHTS: None

VERT:
0.66808 6.17515 0.47968
-0.39651 0.88022 -0.26075
1.00000 0.00000
WEIGHTS: None

VERT:
0.56632 6.10387 0.41115
0.43892 -0.85043 0.29003
0.87500 0.50000
WEIGHTS: None

VERT:
0.66791 6.17395 0.48122
-0.54164 -0.02376 0.84027
1.00000 0.25000
WEIGHTS: None

VERT:
0.66946 6.17399 0.47893
0.56768 -0.00716 -0.82322
1.00000 0.75000
WEIGHTS: None

VERT:
0.03014 5.09866 0.04017
0.00181 -0.01613 0.99987
1.00000 0.50000
WEIGHTS: None

VERT:
-0.93479 3.60418 1.00932
-0.40626 -0.84866 0.33872
0.90000 0.50000
WEIGHTS: None

VERT:
1.07520 5.56031 0.71305
-0.72888 0.58218 0.36028
1.00000 1.00000
WEIGHTS: None

VERT:
1.07615 5.55858 0.71382
-0.16711 -0.63629 0.75313
1.00000 0.25000
WEIGHTS: None

VERT:
-1.47287 3.98858 -0.63687
-0.32530 -0.00160 0.94561
0.90000 0.75000
WEIGHTS: None

VERT:
-1.47535 3.99138 -0.64271
-0.71426 0.65534 -0.24569
0.90000 0.00000
WEIGHTS: None

VERT:
0.71876 6.17644 0.39953
0.57422 -0.80154 -0.16676
1.00000 0.75000
WEIGHTS: None

VERT:
0.71764 6.17775 0.39829
-0.09139 0.08115 -0.99250
1.00000 0.00000
WEIGHTS: None

VERT:
0.62992 6.18049 -0.06400
0.27158 -0.16794 -0.94765
0.90000 0.50000
WEIGHTS: None

VERT:
-0.48156 6.15520 -0.28912
-0.71648 -0.43591 0.54465
0.90000 0.75000
WEIGHTS: None

VERT:
-0.47945 6.15790 -0.28864
0.19613 0.63428 0.74781
0.90000 0.00000
WEIGHTS: None

VERT:
1.25271 4.85430 -0.95667
-0.46759 0.72552 0.50495
0.87500 1.00000
WEIGHTS: None

VERT:
1.25884 4.84871 -0.95497
0.57758 -0.20319 0.79064
0.87500 0.25000
WEIGHTS: None

VERT:
0.74429 5.11861 1.00868
0.86862 -0.13788 -0.47592
0.75000 0.75000
WEIGHTS: None

VERT:
0.73874 5.12473 1.00884
-0.13746 0.86243 -0.48715
0.75000 0.00000
WEIGHTS: None

VERT:
0.83526 5.67798 0.10779
0.89559 0.01299 0.44469
1.00000 0.25000
WEIGHTS: None

VERT:
1.17961 4.68158 -1.13874
-0.90762 0.00082 -0.41979
0.50000 0.75000
WEIGHTS: None

VERT:
-0.83462 5.53279 -0.75937
-0.31949 -0.45701 -0.83010
1.00000 0.50000
WEIGHTS: None

VERT:
-1.51465 4.31886 -0.30228
-0.09025 0.99588 0.00868
0.50000 1.00000
WEIGHTS: None

VERT:
-1.51465 4.31886 -0.30228
-0.09025 0.99588 0.00868
0.50000 0.00000
WEIGHTS: None

VERT:
-0.56950 5.03897 -1.44649
-0.91906 -0.16207 0.35925
1.00000 0.75000
WEIGHTS: None

VERT:
-0.56834 5.04050 -1.44675
-0.14569 0.98670 0.07207
1.00000 0.00000
WEIGHTS: None

VERT:
-1.41258 3.93997 -0.65767
-0.64980 -0.01321 0.75999
0.50000 0.75000
WEIGHTS: None

VERT:
-1.41280 3.94207 -0.66428
-0.69567 0.41368 -0.58729
0.50000 0.00000
WEIGHTS: None

VERT:
-0.61200 5.09681 1.28689
0.23605 -0.94479 -0.22729
0.87500 0.50000
WEIGHTS: None

VERT:
-0.29056 4.66786 1.55510
0.06080 -0.61295 -0.78778
1.00000 0.50000
WEIGHTS: None

VERT:
0.38449 6.08045 0.44490
0.27742 0.27205 -0.92143
0.50000 1.00000
WEIGHTS: None

VERT:
0.38449 6.08045 0.44490
0.27742 0.27205 -0.92143
0.50000 0.00000
WEIGHTS: None

VERT:
0.38250 6.07859 0.45151
-0.27922 -0.24899 0.92738
0.50000 0.50000
WEIGHTS: None

VERT:
-0.22086 5.26285 -1.10412
0.22430 -0.64066 0.73433
1.00000 0.50000
WEIGHTS: None

VERT:
-0.04781 5.30713 -1.25358
-0.99294 -0.00289 -0.11855
1.00000 0.75000
WEIGHTS: None

VERT:
0.66929 6.17278 0.48047
0.41051 -0.87417 0.25944
1.00000 0.50000
WEIGHTS: None

INDEX_COUNT: 2928
0 1 2 3 4 5 6 3 7 1 7 2 8 9 1 10 11 4 12 10 6 9 6 1 13 9 14 15 11 16 12 15 16 9 17 12 18 19 13 20 21 15 17 20 15 19 22 17 18 23 24 25 26 20 27 20 22 24 27 22 28 29 23 30 31 25 32 25 27 23 32 27 33 29 34 30 35 36 32 37 30 38 32 29 39 38 33 37 40 35 41 42 37 43 41 38 44 45 46 47 48 49 50 49 51 46 50 51 52 45 53 54 55 47 50 54 47 45 56 50 52 57 58 59 60 54 61 54 56 58 61 56 62 63 57 59 64 65 66 59 61 63 61 57 67 63 68 69 64 70 66 69 70 63 71 66 72 73 67 74 75 69 71 74 69 73 76 71 72 77 78 74 79 80 81 74 76 77 76 78 82 83 77 84 85 79 86 84 81 83 81 77 87 83 88 89 90 85 86 91 89 92 86 83 93 94 95 96 97 98 99 96 98 94 100 99 101 102 93 103 104 96 100 103 96 102 105 100 101 106 107 103 108 109 110 103 105 106 105 107 111 112 106 113 108 114 115 114 110 106 115 110 116 117 112 113 118 119 120 113 115 117 115 112 121 122 117 123 124 118 125 123 120 122 120 117 126 122 127 128 124 129 125 128 129 122 130 125 131 132 126 133 134 128 130 133 128 132 135 130 131 136 137 133 138 139 140 133 135 136 135 137 141 142 136 143 144 138 145 143 140 142 140 136 146 147 148 149 150 151 152 151 153 148 152 153 154 155 147 156 157 149 158 149 152 155 152 147 159 155 160 161 162 156 158 161 156 155 163 158 164 165 159 161 166 167 163 168 161 169 163 165 164 170 169 171 166 168 172 168 173 169 172 173 174 170 175 176 177 171 172 176 171 170 178 172 174 179 180 176 181 182 183 176 178 179 178 180 184 185 179 186 187 181 188 186 183 185 183 179 189 185 190 191 187 192 188 191 192 185 193 188 194 195 196 197 198 199 200 201 197 202 200 195 203 202 194 201 204 198 205 206 201 207 205 202 203 208 207 209 204 206 210 206 211 207 210 211 212 213 208 214 215 209 216 209 210 208 216 210 217 213 218 214 219 220 216 221 214 222 216 213 223 222 217 224 219 221 225 224 221 222 226 225 223 227 228 224 229 230 231 224 226 227 226 228 232 233 227 234 235 229 236 234 231 233 231 227 237 233 238 239 235 240 236 239 240 233 241 236 242 243 237 244 245 239 241 244 239 243 246 241 247 248 249 250 251 252 253 250 252 248 254 253 255 256 247 257 258 250 254 257 250 256 259 254 255 260 261 262 263 257 264 257 259 261 264 259 265 266 260 267 268 262 269 262 264 260 269 264 270 266 271 267 272 273 269 274 267 275 269 266 276 275 270 274 277 272 278 279 274 280 278 275 276 281 280 282 277 279 283 279 284 280 283 284 285 286 281 287 288 282 289 282 283 281 289 283 290 286 291 287 292 293 289 294 287 295 289 286 296 297 298 299 300 301 302 301 303 298 302 303 304 305 297 306 307 299 308 299 302 297 308 302 309 305 310 306 311 312 308 313 306 314 308 305 315 314 309 313 316 311 317 318 313 319 317 314 315 320 319 321 316 318 322 318 323 319 322 323 324 320 325 326 327 321 322 326 321 320 328 322 324 329 330 326 331 332 333 326 328 329 328 330 334 335 329 336 337 331 338 336 333 335 333 329 339 335 340 341 337 342 338 341 342 335 343 338 344 345 346 347 348 349 350 349 351 346 350 351 352 353 345 354 355 347 356 347 350 345 356 350 357 353 358 359 360 354 356 359 354 353 361 356 362 363 357 359 364 365 361 366 359 367 361 363 368 367 362 366 369 364 370 371 366 372 370 367 373 372 368 371 374 369 375 376 371 377 375 372 373 378 377 376 379 374 380 376 381 378 381 377 382 383 384 385 386 387 388 385 389 383 389 384 390 391 383 392 393 386 394 392 388 391 388 383 395 391 396 397 393 398 394 397 398 391 399 394 400 401 402 403 404 405 406 403 407 401 406 407 408 409 400 410 411 404 412 410 406 413 406 409 414 415 416 417 418 419 420 421 417 415 422 420 423 424 425 426 427 428 429 426 430 424 430 425 431 432 424 433 427 434 435 434 429 424 435 429 436 432 437 433 438 439 435 440 433 441 435 432 442 441 436 440 443 438 444 445 440 446 444 441 442 447 446 448 443 445 449 445 450 446 449 450 451 452 447 453 454 448 455 448 449 447 455 449 456 452 457 453 458 459 455 460 453 461 455 452 462 461 456 460 463 458 464 465 460 466 464 461 467 468 469 470 471 472 473 472 474 469 473 474 475 476 468 477 478 470 479 470 473 468 479 473 480 481 482 483 484 485 486 483 487 481 487 482 488 489 481 490 491 484 492 490 486 489 486 481 493 489 494 495 491 496 492 495 496 489 497 492 498 499 493 500 501 495 497 500 495 499 502 497 503 504 505 506 507 508 509 508 510 504 509 510 511 512 513 514 515 516 517 516 518 513 517 518 519 520 512 521 522 514 523 514 517 512 523 517 524 520 525 526 527 521 523 526 521 520 528 523 529 530 524 531 532 526 528 531 526 530 533 528 529 534 535 531 536 537 538 531 533 534 533 535 539 540 534 541 542 536 543 541 538 540 538 534 544 540 545 546 547 542 543 548 546 549 543 540 550 551 552 553 554 555 556 555 557 552 556 557 558 559 551 560 561 553 562 553 556 551 562 556 563 559 564 560 565 566 562 567 560 568 562 559 569 568 563 567 570 565 571 572 567 573 571 568 574 575 576 577 578 579 580 577 579 575 580 576 581 582 583 584 585 586 587 586 588 583 587 588 589 590 582 591 592 584 593 584 587 582 593 587 594 590 595 596 597 591 593 596 591 590 598 593 599 600 594 596 601 602 598 603 596 604 598 600 599 605 604 606 601 603 607 603 608 604 607 608 609 610 605 611 612 606 613 606 607 605 613 607 614 610 615 611 616 617 613 618 611 619 613 610 620 619 614 618 621 616 622 623 618 624 622 619 625 626 627 628 629 630 631 628 630 626 631 627 632 626 633 628 634 635 636 637 628 626 638 636 639 640 641 642 643 644 645 644 646 641 645 646 647 648 640 649 650 642 651 642 645 640 651 645 652 648 653 649 654 655 651 656 649 657 651 648 658 657 652 656 659 654 660 661 656 662 660 657 658 663 662 664 659 661 665 661 666 662 665 666 667 668 663 669 670 664 671 664 665 663 671 665 672 668 673 669 674 675 671 676 669 677 671 668 678 677 672 676 679 674 680 681 676 682 680 677 0 8 1 3 10 4 6 10 3 1 6 7 8 14 9 10 16 11 12 16 10 9 12 6 13 19 9 15 21 11 12 17 15 9 19 17 18 24 19 20 26 21 17 22 20 19 24 22 18 28 23 25 31 26 27 25 20 24 23 27 28 34 29 30 36 31 32 30 25 23 29 32 33 38 29 30 37 35 32 41 37 38 41 32 39 43 38 37 42 40 41 683 42 43 683 41 44 53 45 47 55 48 50 47 49 46 45 50 52 58 45 54 60 55 50 56 54 45 58 56 52 62 57 59 65 60 61 59 54 58 57 61 62 68 63 59 70 64 66 70 59 63 66 61 67 73 63 69 75 64 66 71 69 63 73 71 72 78 73 74 80 75 71 76 74 73 78 76 72 82 77 74 84 79 81 84 74 77 81 76 82 88 83 84 89 85 86 89 84 83 86 81 87 92 83 89 91 90 86 684 91 92 684 86 93 102 94 96 104 97 99 100 96 94 102 100 101 107 102 103 109 104 100 105 103 102 107 105 101 111 106 103 114 108 110 114 103 106 110 105 111 116 112 113 119 108 115 113 114 106 112 115 116 121 117 113 123 118 120 123 113 117 120 115 121 127 122 123 129 124 125 129 123 122 125 120 126 132 122 128 134 124 125 130 128 122 132 130 131 137 132 133 139 134 130 135 133 132 137 135 131 141 136 133 143 138 140 143 133 136 140 135 141 685 142 143 686 144 145 686 143 142 145 140 146 154 147 149 157 150 152 149 151 148 147 152 154 160 155 156 162 157 158 156 149 155 158 152 159 165 155 161 167 162 158 163 161 155 165 163 164 169 165 161 168 166 163 173 168 169 173 163 164 175 170 171 177 166 172 171 168 169 170 172 174 180 170 176 182 177 172 178 176 170 180 178 174 184 179 176 186 181 183 186 176 179 183 178 184 190 185 186 192 187 188 192 186 185 188 183 189 687 185 191 688 187 188 193 191 185 687 193 194 202 195 197 201 198 200 205 201 202 205 200 203 207 202 201 206 204 205 211 206 207 211 205 203 212 208 209 215 204 210 209 206 207 208 210 212 218 213 214 220 215 216 214 209 208 213 216 217 222 213 214 221 219 216 225 221 222 225 216 223 228 222 224 230 219 225 226 224 222 228 226 223 232 227 224 234 229 231 234 224 227 231 226 232 238 233 234 240 235 236 240 234 233 236 231 237 243 233 239 245 235 236 241 239 233 243 241 242 689 243 244 690 245 241 246 244 243 689 246 247 256 248 250 258 251 253 254 250 248 256 254 255 261 256 257 263 258 254 259 257 256 261 259 255 265 260 262 268 263 264 262 257 261 260 264 265 271 266 267 273 268 269 267 262 260 266 269 270 275 266 267 274 272 269 278 274 275 278 269 276 280 275 274 279 277 278 284 279 280 284 278 276 285 281 282 288 277 283 282 279 280 281 283 285 291 286 287 293 288 289 287 282 281 286 289 290 295 286 287 294 292 289 691 294 295 691 289 296 304 297 299 307 300 302 299 301 298 297 302 304 310 305 306 312 307 308 306 299 297 305 308 309 314 305 306 313 311 308 317 313 314 317 308 315 319 314 313 318 316 317 323 318 319 323 317 315 325 320 321 327 316 322 321 318 319 320 322 324 330 320 326 332 327 322 328 326 320 330 328 324 334 329 326 336 331 333 336 326 329 333 328 334 340 335 336 342 337 338 342 336 335 338 333 339 692 335 341 693 337 338 343 341 335 692 343 344 352 345 347 355 348 350 347 349 346 345 350 352 358 353 354 360 355 356 354 347 345 353 356 357 363 353 359 365 360 356 361 359 353 363 361 362 367 363 359 366 364 361 370 366 367 370 361 368 372 367 366 371 369 370 375 371 372 375 370 373 377 372 371 376 374 375 381 376 377 381 375 373 694 378 376 695 379 380 695 376 378 380 381 382 390 383 385 392 386 388 392 385 383 388 389 390 396 391 392 398 393 394 398 392 391 394 388 395 696 391 397 697 393 394 399 397 391 696 399 400 409 401 403 410 404 406 410 403 401 409 406 408 413 409 410 698 411 412 698 410 413 412 406 414 699 415 417 421 418 420 422 421 415 699 422 423 431 424 426 434 427 429 434 426 424 429 430 431 437 432 433 439 427 435 433 434 424 432 435 436 441 432 433 440 438 435 444 440 441 444 435 442 446 441 440 445 443 444 450 445 446 450 444 442 451 447 448 454 443 449 448 445 446 447 449 451 457 452 453 459 454 455 453 448 447 452 455 456 461 452 453 460 458 455 464 460 461 464 455 462 466 461 460 465 463 464 700 465 466 700 464 467 475 468 470 478 471 473 470 472 469 468 473 475 701 476 477 702 478 479 477 470 468 476 479 480 488 481 483 490 484 486 490 483 481 486 487 488 494 489 490 496 491 492 496 490 489 492 486 493 499 489 495 501 491 492 497 495 489 499 497 498 703 499 500 704 501 497 502 500 499 703 502 503 705 504 506 706 507 509 506 508 504 705 509 511 519 512 514 522 515 517 514 516 513 512 517 519 525 520 521 527 522 523 521 514 512 520 523 524 530 520 526 532 527 523 528 526 520 530 528 529 535 530 531 537 532 528 533 531 530 535 533 529 539 534 531 541 536 538 541 531 534 538 533 539 545 540 541 546 542 543 546 541 540 543 538 544 549 540 546 548 547 543 707 548 549 707 543 550 558 551 553 561 554 556 553 555 552 551 556 558 564 559 560 566 561 562 560 553 551 559 562 563 568 559 560 567 565 562 571 567 568 571 562 569 573 568 567 572 570 571 708 572 573 708 571 574 709 575 577 710 578 580 711 577 575 711 580 581 589 582 584 592 585 587 584 586 583 582 587 589 595 590 591 597 592 593 591 584 582 590 593 594 600 590 596 602 597 593 598 596 590 600 598 599 604 600 596 603 601 598 608 603 604 608 598 599 609 605 606 612 601 607 606 603 604 605 607 609 615 610 611 617 612 613 611 606 605 610 613 614 619 610 611 618 616 613 622 618 619 622 613 620 624 619 618 623 621 622 712 623 624 712 622 625 633 626 628 635 629 631 636 628 626 636 631 632 713 626 628 637 634 636 638 637 626 713 638 639 647 640 642 650 643 645 642 644 641 640 645 647 653 648 649 655 650 651 649 642 640 648 651 652 657 648 649 656 654 651 660 656 657 660 651 658 662 657 656 661 659 660 666 661 662 666 660 658 667 663 664 670 659 665 664 661 662 663 665 667 673 668 669 675 670 671 669 664 663 668 671 672 677 668 669 676 674 671 680 676 677 680 671 678 682 677 676 681 679 680 714 681 682 714 680 

