# WiseModel 0.0.1
BONECOUNT: 3
FPS: 24

BONE_NAME: Bone
PARENT_INDEX: -1
OFFSET_MATRIX:
1.00000 0.00000 0.00000 0.00000
0.00000 1.00000 0.00000 0.00000
0.00000 0.00000 1.00000 0.00000
-0.01197 -0.02499 0.00000 1.00000

BONE_NAME: Bone.001
PARENT_INDEX: 0
OFFSET_MATRIX:
1.00000 0.00000 0.00000 0.00000
0.00000 1.00000 0.00000 0.00000
0.00000 0.00000 1.00000 0.00000
-0.01197 -2.02499 0.00000 1.00000

BONE_NAME: Bone.002
PARENT_INDEX: 1
OFFSET_MATRIX:
1.00000 0.00000 0.00000 0.00000
0.00000 1.00000 0.00000 0.00000
0.00000 0.00000 1.00000 0.00000
-0.01197 -4.02499 0.00000 1.00000

# ========== ArmatureAction.001 ==========
DURATION: 1.95833

KEYFRAME: 1
TIMESTAMP: 0.04167
0.01197 0.00000 0.02499
1.00000 0.00000 0.00000 0.00000
1.00000 1.00000 1.00000

0.01197 0.00000 2.02499
1.00000 0.00000 0.00000 0.00000
1.00000 1.00000 1.00000

0.01197 0.00000 4.02499
1.00000 0.00000 0.00000 0.00000
1.00000 1.00000 1.00000

KEYFRAME: 2
TIMESTAMP: 0.08333
0.01197 0.00000 0.02499
1.00000 0.00000 0.00000 0.00000
1.00000 1.00000 1.00000

0.01197 0.00000 2.02499
0.99339 -0.02252 0.00000 0.00000
1.00000 1.00000 1.00000

0.01197 0.09064 4.02293
0.99176 -0.02488 0.00000 0.00000
1.00000 1.00000 1.00000

KEYFRAME: 3
TIMESTAMP: 0.12500
0.01197 0.00000 0.02499
1.00000 0.00000 0.00000 0.00000
1.00000 1.00000 1.00000

0.01197 0.00000 2.02499
0.98678 -0.04504 0.00000 0.00000
1.00000 1.00000 1.00000

0.01197 0.18220 4.01667
0.98352 -0.04976 0.00000 0.00000
1.00000 1.00000 1.00000

KEYFRAME: 4
TIMESTAMP: 0.16667
0.01197 0.00000 0.02499
1.00000 0.00000 0.00000 0.00000
1.00000 1.00000 1.00000

0.01197 0.00000 2.02499
0.98017 -0.06756 0.00000 0.00000
1.00000 1.00000 1.00000

0.01197 0.27441 4.00607
0.97527 -0.07463 0.00000 0.00000
1.00000 1.00000 1.00000

KEYFRAME: 5
TIMESTAMP: 0.20833
0.01197 0.00000 0.02499
1.00000 0.00000 0.00000 0.00000
1.00000 1.00000 1.00000

0.01197 0.00000 2.02499
0.97356 -0.09008 0.00000 0.00000
1.00000 1.00000 1.00000

0.01197 0.36698 3.99103
0.96703 -0.09951 0.00000 0.00000
1.00000 1.00000 1.00000

KEYFRAME: 6
TIMESTAMP: 0.25000
0.01197 0.00000 0.02499
1.00000 0.00000 0.00000 0.00000
1.00000 1.00000 1.00000

0.01197 0.00000 2.02499
0.96695 -0.11260 0.00000 0.00000
1.00000 1.00000 1.00000

0.01197 0.45958 3.97147
0.95879 -0.12439 0.00000 0.00000
1.00000 1.00000 1.00000

KEYFRAME: 7
TIMESTAMP: 0.29167
0.01197 0.00000 0.02499
1.00000 0.00000 0.00000 0.00000
1.00000 1.00000 1.00000

0.01197 0.00000 2.02499
0.96034 -0.13512 0.00000 0.00000
1.00000 1.00000 1.00000

0.01197 0.55189 3.94734
0.95055 -0.14927 0.00000 0.00000
1.00000 1.00000 1.00000

KEYFRAME: 8
TIMESTAMP: 0.33333
0.01197 0.00000 0.02499
1.00000 0.00000 0.00000 0.00000
1.00000 1.00000 1.00000

0.01197 0.00000 2.02499
0.95373 -0.15765 0.00000 0.00000
1.00000 1.00000 1.00000

0.01197 0.64359 3.91861
0.94231 -0.17414 0.00000 0.00000
1.00000 1.00000 1.00000

KEYFRAME: 9
TIMESTAMP: 0.37500
0.01197 0.00000 0.02499
1.00000 0.00000 0.00000 0.00000
1.00000 1.00000 1.00000

0.01197 0.00000 2.02499
0.94712 -0.18017 0.00000 0.00000
1.00000 1.00000 1.00000

0.01197 0.73433 3.88530
0.93407 -0.19902 0.00000 0.00000
1.00000 1.00000 1.00000

KEYFRAME: 10
TIMESTAMP: 0.41667
0.01197 0.00000 0.02499
1.00000 0.00000 0.00000 0.00000
1.00000 1.00000 1.00000

0.01197 0.00000 2.02499
0.94050 -0.20269 0.00000 0.00000
1.00000 1.00000 1.00000

0.01197 0.82377 3.84746
0.92582 -0.22390 0.00000 0.00000
1.00000 1.00000 1.00000

KEYFRAME: 11
TIMESTAMP: 0.45833
0.01197 0.00000 0.02499
1.00000 0.00000 0.00000 0.00000
1.00000 1.00000 1.00000

0.01197 0.00000 2.02499
0.93389 -0.22521 0.00000 0.00000
1.00000 1.00000 1.00000

0.01197 0.91158 3.80516
0.91758 -0.24878 0.00000 0.00000
1.00000 1.00000 1.00000

KEYFRAME: 12
TIMESTAMP: 0.50000
0.01197 0.00000 0.02499
1.00000 0.00000 0.00000 0.00000
1.00000 1.00000 1.00000

0.01197 0.00000 2.02499
0.92728 -0.24773 0.00000 0.00000
1.00000 1.00000 1.00000

0.01197 0.99743 3.75852
0.90934 -0.27365 0.00000 0.00000
1.00000 1.00000 1.00000

KEYFRAME: 13
TIMESTAMP: 0.54167
0.01197 0.00000 0.02499
1.00000 0.00000 0.00000 0.00000
1.00000 1.00000 1.00000

0.01197 0.00000 2.02499
0.92067 -0.27025 0.00000 0.00000
1.00000 1.00000 1.00000

0.01197 1.08099 3.70768
0.90110 -0.29853 0.00000 0.00000
1.00000 1.00000 1.00000

KEYFRAME: 14
TIMESTAMP: 0.58333
0.01197 0.00000 0.02499
1.00000 0.00000 0.00000 0.00000
1.00000 1.00000 1.00000

0.01197 0.00000 2.02499
0.91406 -0.29277 0.00000 0.00000
1.00000 1.00000 1.00000

0.01197 1.16197 3.65282
0.89286 -0.32341 0.00000 0.00000
1.00000 1.00000 1.00000

KEYFRAME: 15
TIMESTAMP: 0.62500
0.01197 0.00000 0.02499
1.00000 0.00000 0.00000 0.00000
1.00000 1.00000 1.00000

0.01197 0.00000 2.02499
0.90745 -0.31529 0.00000 0.00000
1.00000 1.00000 1.00000

0.01197 1.24008 3.59413
0.88461 -0.34829 0.00000 0.00000
1.00000 1.00000 1.00000

KEYFRAME: 16
TIMESTAMP: 0.66667
0.01197 0.00000 0.02499
1.00000 0.00000 0.00000 0.00000
1.00000 1.00000 1.00000

0.01197 0.00000 2.02499
0.90084 -0.33781 0.00000 0.00000
1.00000 1.00000 1.00000

0.01197 1.31506 3.53185
0.87637 -0.37316 0.00000 0.00000
1.00000 1.00000 1.00000

KEYFRAME: 17
TIMESTAMP: 0.70833
0.01197 0.00000 0.02499
1.00000 0.00000 0.00000 0.00000
1.00000 1.00000 1.00000

0.01197 0.00000 2.02499
0.89423 -0.36033 0.00000 0.00000
1.00000 1.00000 1.00000

0.01197 1.38666 3.46623
0.86813 -0.39804 0.00000 0.00000
1.00000 1.00000 1.00000

KEYFRAME: 18
TIMESTAMP: 0.75000
0.01197 0.00000 0.02499
1.00000 0.00000 0.00000 0.00000
1.00000 1.00000 1.00000

0.01197 0.00000 2.02499
0.88762 -0.38285 0.00000 0.00000
1.00000 1.00000 1.00000

0.01197 1.45467 3.39755
0.85989 -0.42292 0.00000 0.00000
1.00000 1.00000 1.00000

KEYFRAME: 19
TIMESTAMP: 0.79167
0.01197 0.00000 0.02499
1.00000 0.00000 0.00000 0.00000
1.00000 1.00000 1.00000

0.01197 0.00000 2.02499
0.88101 -0.40537 0.00000 0.00000
1.00000 1.00000 1.00000

0.01197 1.51892 3.32610
0.85165 -0.44780 0.00000 0.00000
1.00000 1.00000 1.00000

KEYFRAME: 20
TIMESTAMP: 0.83333
0.01197 0.00000 0.02499
1.00000 0.00000 0.00000 0.00000
1.00000 1.00000 1.00000

0.01197 0.00000 2.02499
0.87440 -0.42789 0.00000 0.00000
1.00000 1.00000 1.00000

0.01197 1.57925 3.25217
0.84341 -0.47267 0.00000 0.00000
1.00000 1.00000 1.00000

KEYFRAME: 21
TIMESTAMP: 0.87500
0.01197 0.00000 0.02499
1.00000 0.00000 0.00000 0.00000
1.00000 1.00000 1.00000

0.01197 0.00000 2.02499
0.86779 -0.45041 0.00000 0.00000
1.00000 1.00000 1.00000

0.01197 1.63554 3.17608
0.83516 -0.49755 0.00000 0.00000
1.00000 1.00000 1.00000

KEYFRAME: 22
TIMESTAMP: 0.91667
0.01197 0.00000 0.02499
1.00000 0.00000 0.00000 0.00000
1.00000 1.00000 1.00000

0.01197 0.00000 2.02499
0.86118 -0.47294 0.00000 0.00000
1.00000 1.00000 1.00000

0.01197 1.68770 3.09815
0.82692 -0.52243 0.00000 0.00000
1.00000 1.00000 1.00000

KEYFRAME: 23
TIMESTAMP: 0.95833
0.01197 0.00000 0.02499
1.00000 0.00000 0.00000 0.00000
1.00000 1.00000 1.00000

0.01197 0.00000 2.02499
0.85457 -0.49546 0.00000 0.00000
1.00000 1.00000 1.00000

0.01197 1.73567 3.01869
0.81868 -0.54731 0.00000 0.00000
1.00000 1.00000 1.00000

KEYFRAME: 24
TIMESTAMP: 1.00000
0.01197 0.00000 0.02499
1.00000 0.00000 0.00000 0.00000
1.00000 1.00000 1.00000

0.01197 0.00000 2.02499
0.84796 -0.51798 0.00000 0.00000
1.00000 1.00000 1.00000

0.01197 1.77943 2.93802
0.81044 -0.57218 0.00000 0.00000
1.00000 1.00000 1.00000

KEYFRAME: 25
TIMESTAMP: 1.04167
0.01197 0.00000 0.02499
1.00000 0.00000 0.00000 0.00000
1.00000 1.00000 1.00000

0.01197 0.00000 2.02499
0.84135 -0.54050 0.00000 0.00000
1.00000 1.00000 1.00000

0.01197 1.81898 2.85644
0.80220 -0.59706 0.00000 0.00000
1.00000 1.00000 1.00000

KEYFRAME: 26
TIMESTAMP: 1.08333
0.01197 0.00000 0.02499
1.00000 0.00000 0.00000 0.00000
1.00000 1.00000 1.00000

0.01197 0.00000 2.02499
0.84824 -0.51700 0.00000 0.00000
1.00000 1.00000 1.00000

0.01197 1.77762 2.94155
0.81080 -0.57110 0.00000 0.00000
1.00000 1.00000 1.00000

KEYFRAME: 27
TIMESTAMP: 1.12500
0.01197 0.00000 0.02499
1.00000 0.00000 0.00000 0.00000
1.00000 1.00000 1.00000

0.01197 0.00000 2.02499
0.85514 -0.49350 0.00000 0.00000
1.00000 1.00000 1.00000

0.01197 1.73167 3.02565
0.81940 -0.54514 0.00000 0.00000
1.00000 1.00000 1.00000

KEYFRAME: 28
TIMESTAMP: 1.16667
0.01197 0.00000 0.02499
1.00000 0.00000 0.00000 0.00000
1.00000 1.00000 1.00000

0.01197 0.00000 2.02499
0.86204 -0.47000 0.00000 0.00000
1.00000 1.00000 1.00000

0.01197 1.68113 3.10841
0.82800 -0.51918 0.00000 0.00000
1.00000 1.00000 1.00000

KEYFRAME: 29
TIMESTAMP: 1.20833
0.01197 0.00000 0.02499
1.00000 0.00000 0.00000 0.00000
1.00000 1.00000 1.00000

0.01197 0.00000 2.02499
0.86894 -0.44650 0.00000 0.00000
1.00000 1.00000 1.00000

0.01197 1.62604 3.18946
0.83660 -0.49322 0.00000 0.00000
1.00000 1.00000 1.00000

KEYFRAME: 30
TIMESTAMP: 1.25000
0.01197 0.00000 0.02499
1.00000 0.00000 0.00000 0.00000
1.00000 1.00000 1.00000

0.01197 0.00000 2.02499
0.87584 -0.42300 0.00000 0.00000
1.00000 1.00000 1.00000

0.01197 1.56647 3.26844
0.84520 -0.46726 0.00000 0.00000
1.00000 1.00000 1.00000

KEYFRAME: 31
TIMESTAMP: 1.29167
0.01197 0.00000 0.02499
1.00000 0.00000 0.00000 0.00000
1.00000 1.00000 1.00000

0.01197 0.00000 2.02499
0.88273 -0.39950 0.00000 0.00000
1.00000 1.00000 1.00000

0.01197 1.50253 3.34499
0.85380 -0.44131 0.00000 0.00000
1.00000 1.00000 1.00000

KEYFRAME: 32
TIMESTAMP: 1.33333
0.01197 0.00000 0.02499
1.00000 0.00000 0.00000 0.00000
1.00000 1.00000 1.00000

0.01197 0.00000 2.02499
0.88963 -0.37600 0.00000 0.00000
1.00000 1.00000 1.00000

0.01197 1.43436 3.41876
0.86240 -0.41535 0.00000 0.00000
1.00000 1.00000 1.00000

KEYFRAME: 33
TIMESTAMP: 1.37500
0.01197 0.00000 0.02499
1.00000 0.00000 0.00000 0.00000
1.00000 1.00000 1.00000

0.01197 0.00000 2.02499
0.89653 -0.35250 0.00000 0.00000
1.00000 1.00000 1.00000

0.01197 1.36215 3.48942
0.87100 -0.38939 0.00000 0.00000
1.00000 1.00000 1.00000

KEYFRAME: 34
TIMESTAMP: 1.41667
0.01197 0.00000 0.02499
1.00000 0.00000 0.00000 0.00000
1.00000 1.00000 1.00000

0.01197 0.00000 2.02499
0.90343 -0.32900 0.00000 0.00000
1.00000 1.00000 1.00000

0.01197 1.28611 3.55663
0.87960 -0.36343 0.00000 0.00000
1.00000 1.00000 1.00000

KEYFRAME: 35
TIMESTAMP: 1.45833
0.01197 0.00000 0.02499
1.00000 0.00000 0.00000 0.00000
1.00000 1.00000 1.00000

0.01197 0.00000 2.02499
0.91033 -0.30550 0.00000 0.00000
1.00000 1.00000 1.00000

0.01197 1.20649 3.62010
0.88820 -0.33747 0.00000 0.00000
1.00000 1.00000 1.00000

KEYFRAME: 36
TIMESTAMP: 1.50000
0.01197 0.00000 0.02499
1.00000 0.00000 0.00000 0.00000
1.00000 1.00000 1.00000

0.01197 0.00000 2.02499
0.91722 -0.28200 0.00000 0.00000
1.00000 1.00000 1.00000

0.01197 1.12359 3.67955
0.89680 -0.31151 0.00000 0.00000
1.00000 1.00000 1.00000

KEYFRAME: 37
TIMESTAMP: 1.54167
0.01197 0.00000 0.02499
1.00000 0.00000 0.00000 0.00000
1.00000 1.00000 1.00000

0.01197 0.00000 2.02499
0.92412 -0.25850 0.00000 0.00000
1.00000 1.00000 1.00000

0.01197 1.03770 3.73472
0.90540 -0.28555 0.00000 0.00000
1.00000 1.00000 1.00000

KEYFRAME: 38
TIMESTAMP: 1.58333
0.01197 0.00000 0.02499
1.00000 0.00000 0.00000 0.00000
1.00000 1.00000 1.00000

0.01197 0.00000 2.02499
0.93102 -0.23500 0.00000 0.00000
1.00000 1.00000 1.00000

0.01197 0.94917 3.78541
0.91400 -0.25959 0.00000 0.00000
1.00000 1.00000 1.00000

KEYFRAME: 39
TIMESTAMP: 1.62500
0.01197 0.00000 0.02499
1.00000 0.00000 0.00000 0.00000
1.00000 1.00000 1.00000

0.01197 0.00000 2.02499
0.93792 -0.21150 0.00000 0.00000
1.00000 1.00000 1.00000

0.01197 0.85835 3.83143
0.92260 -0.23363 0.00000 0.00000
1.00000 1.00000 1.00000

KEYFRAME: 40
TIMESTAMP: 1.66667
0.01197 0.00000 0.02499
1.00000 0.00000 0.00000 0.00000
1.00000 1.00000 1.00000

0.01197 0.00000 2.02499
0.94482 -0.18800 0.00000 0.00000
1.00000 1.00000 1.00000

0.01197 0.76561 3.87265
0.93120 -0.20767 0.00000 0.00000
1.00000 1.00000 1.00000

KEYFRAME: 41
TIMESTAMP: 1.70833
0.01197 0.00000 0.02499
1.00000 0.00000 0.00000 0.00000
1.00000 1.00000 1.00000

0.01197 0.00000 2.02499
0.95171 -0.16450 0.00000 0.00000
1.00000 1.00000 1.00000

0.01197 0.67132 3.90895
0.93980 -0.18171 0.00000 0.00000
1.00000 1.00000 1.00000

KEYFRAME: 42
TIMESTAMP: 1.75000
0.01197 0.00000 0.02499
1.00000 0.00000 0.00000 0.00000
1.00000 1.00000 1.00000

0.01197 0.00000 2.02499
0.95861 -0.14100 0.00000 0.00000
1.00000 1.00000 1.00000

0.01197 0.57589 3.94028
0.94840 -0.15575 0.00000 0.00000
1.00000 1.00000 1.00000

KEYFRAME: 43
TIMESTAMP: 1.79167
0.01197 0.00000 0.02499
1.00000 0.00000 0.00000 0.00000
1.00000 1.00000 1.00000

0.01197 0.00000 2.02499
0.96551 -0.11750 0.00000 0.00000
1.00000 1.00000 1.00000

0.01197 0.47968 3.96661
0.95700 -0.12980 0.00000 0.00000
1.00000 1.00000 1.00000

KEYFRAME: 44
TIMESTAMP: 1.83333
0.01197 0.00000 0.02499
1.00000 0.00000 0.00000 0.00000
1.00000 1.00000 1.00000

0.01197 0.00000 2.02499
0.97241 -0.09400 0.00000 0.00000
1.00000 1.00000 1.00000

0.01197 0.38309 3.98796
0.96560 -0.10384 0.00000 0.00000
1.00000 1.00000 1.00000

KEYFRAME: 45
TIMESTAMP: 1.87500
0.01197 0.00000 0.02499
1.00000 0.00000 0.00000 0.00000
1.00000 1.00000 1.00000

0.01197 0.00000 2.02499
0.97931 -0.07050 0.00000 0.00000
1.00000 1.00000 1.00000

0.01197 0.28647 4.00437
0.97420 -0.07788 0.00000 0.00000
1.00000 1.00000 1.00000

KEYFRAME: 46
TIMESTAMP: 1.91667
0.01197 0.00000 0.02499
1.00000 0.00000 0.00000 0.00000
1.00000 1.00000 1.00000

0.01197 0.00000 2.02499
0.98620 -0.04700 0.00000 0.00000
1.00000 1.00000 1.00000

0.01197 0.19020 4.01593
0.98280 -0.05192 0.00000 0.00000
1.00000 1.00000 1.00000

KEYFRAME: 47
TIMESTAMP: 1.95833
0.01197 0.00000 0.02499
1.00000 0.00000 0.00000 0.00000
1.00000 1.00000 1.00000

0.01197 0.00000 2.02499
0.99310 -0.02350 0.00000 0.00000
1.00000 1.00000 1.00000

0.01197 0.09460 4.02275
0.99140 -0.02596 0.00000 0.00000
1.00000 1.00000 1.00000

KEYFRAME: 48
TIMESTAMP: 2.00000
0.01197 0.00000 0.02499
1.00000 0.00000 0.00000 0.00000
1.00000 1.00000 1.00000

0.01197 0.00000 2.02499
1.00000 0.00000 0.00000 0.00000
1.00000 1.00000 1.00000

0.01197 0.00000 4.02499
1.00000 0.00000 0.00000 0.00000
1.00000 1.00000 1.00000

