# WiseModel 0.0.1
BONECOUNT: 2
FPS: 24

BONE_NAME: Bone
PARENT_INDEX: -1
MATRIX:
1.0 0.0 0.0 0.0
0.0 1.0 0.0 0.0
0.0 0.0 1.0 0.0
0.0 0.0 0.0 1.0

BONE_NAME: Bone.001
PARENT_INDEX: 0
MATRIX:
1.0 0.0 0.0 0.0
0.0 1.0 0.0 4.0
0.0 0.0 1.0 0.0
0.0 0.0 0.0 1.0

# ========== ArmatureAction.001 ==========
KEYFRAME: 1
0.0 0.0 0.0
1.0 0.0 0.0 0.0
1.0 1.0 1.0

0.0 0.0 4.0
0.933435 -0.061673 -0.23095 -0.267504
1.0 1.0 1.0

KEYFRAME: 2
0.0 0.0 0.0
1.0 0.0 0.0 0.0
1.0 1.0 1.0

0.0 0.0 4.0
0.930894 -0.055372 -0.207357 -0.240178
1.0 1.0 1.0

KEYFRAME: 3
0.0 0.0 0.0
1.0 0.0 0.0 0.0
1.0 1.0 1.0

0.0 0.0 4.0
0.928353 -0.049072 -0.183765 -0.212851
1.0 1.0 1.0

KEYFRAME: 4
0.0 0.0 0.0
1.0 0.0 0.0 0.0
1.0 1.0 1.0

0.0 0.0 4.0
0.925811 -0.042772 -0.160173 -0.185525
1.0 1.0 1.0

KEYFRAME: 5
0.0 0.0 0.0
1.0 0.0 0.0 0.0
1.0 1.0 1.0

0.0 0.0 4.0
0.92327 -0.036472 -0.136581 -0.158198
1.0 1.0 1.0

KEYFRAME: 6
0.0 0.0 0.0
1.0 0.0 0.0 0.0
1.0 1.0 1.0

0.0 0.0 4.0
0.920729 -0.030172 -0.112988 -0.130872
1.0 1.0 1.0

KEYFRAME: 7
0.0 0.0 0.0
1.0 0.0 0.0 0.0
1.0 1.0 1.0

0.0 0.0 4.0
0.918188 -0.023872 -0.089396 -0.103545
1.0 1.0 1.0

KEYFRAME: 8
0.0 0.0 0.0
1.0 0.0 0.0 0.0
1.0 1.0 1.0

0.0 0.0 4.0
0.915647 -0.017572 -0.065804 -0.076219
1.0 1.0 1.0

KEYFRAME: 9
0.0 0.0 0.0
1.0 0.0 0.0 0.0
1.0 1.0 1.0

0.0 0.0 4.0
0.913106 -0.011272 -0.042211 -0.048893
1.0 1.0 1.0

KEYFRAME: 10
0.0 0.0 0.0
1.0 0.0 0.0 0.0
1.0 1.0 1.0

0.0 0.0 4.0
0.910565 -0.004972 -0.018619 -0.021566
1.0 1.0 1.0

KEYFRAME: 11
0.0 0.0 0.0
1.0 0.0 0.0 0.0
1.0 1.0 1.0

0.0 0.0 4.0
0.908024 0.001328 0.004973 0.00576
1.0 1.0 1.0

KEYFRAME: 12
0.0 0.0 0.0
1.0 0.0 0.0 0.0
1.0 1.0 1.0

0.0 0.0 4.0
0.905483 0.007628 0.028566 0.033087
1.0 1.0 1.0

KEYFRAME: 13
0.0 0.0 0.0
1.0 0.0 0.0 0.0
1.0 1.0 1.0

0.0 0.0 4.0
0.902942 0.013928 0.052158 0.060413
1.0 1.0 1.0

KEYFRAME: 14
0.0 0.0 0.0
1.0 0.0 0.0 0.0
1.0 1.0 1.0

0.0 0.0 4.0
0.900401 0.020228 0.07575 0.08774
1.0 1.0 1.0

KEYFRAME: 15
0.0 0.0 0.0
1.0 0.0 0.0 0.0
1.0 1.0 1.0

0.0 0.0 4.0
0.89786 0.026528 0.099342 0.115066
1.0 1.0 1.0

KEYFRAME: 16
0.0 0.0 0.0
1.0 0.0 0.0 0.0
1.0 1.0 1.0

0.0 0.0 4.0
0.895319 0.032828 0.122935 0.142393
1.0 1.0 1.0

KEYFRAME: 17
0.0 0.0 0.0
1.0 0.0 0.0 0.0
1.0 1.0 1.0

0.0 0.0 4.0
0.892778 0.039128 0.146527 0.169719
1.0 1.0 1.0

KEYFRAME: 18
0.0 0.0 0.0
1.0 0.0 0.0 0.0
1.0 1.0 1.0

0.0 0.0 4.0
0.890237 0.045428 0.170119 0.197046
1.0 1.0 1.0

KEYFRAME: 19
0.0 0.0 0.0
1.0 0.0 0.0 0.0
1.0 1.0 1.0

0.0 0.0 4.0
0.887696 0.051729 0.193712 0.224372
1.0 1.0 1.0

KEYFRAME: 20
0.0 0.0 0.0
1.0 0.0 0.0 0.0
1.0 1.0 1.0

0.0 0.0 4.0
0.885155 0.058029 0.217304 0.251699
1.0 1.0 1.0

KEYFRAME: 21
0.0 0.0 0.0
1.0 0.0 0.0 0.0
1.0 1.0 1.0

0.0 0.0 4.0
0.882614 0.064329 0.240896 0.279025
1.0 1.0 1.0

KEYFRAME: 22
0.0 0.0 0.0
1.0 0.0 0.0 0.0
1.0 1.0 1.0

0.0 0.0 4.0
0.880073 0.070629 0.264488 0.306352
1.0 1.0 1.0

KEYFRAME: 23
0.0 0.0 0.0
1.0 0.0 0.0 0.0
1.0 1.0 1.0

0.0 0.0 4.0
0.877532 0.076929 0.288081 0.333678
1.0 1.0 1.0

KEYFRAME: 24
0.0 0.0 0.0
1.0 0.0 0.0 0.0
1.0 1.0 1.0

0.0 0.0 4.0
0.874991 0.083229 0.311673 0.361005
1.0 1.0 1.0

