TEXTURE: Material
MESH_NAME: Cube
VERTEX_COUNT: 245
VERT:
0.50000 5.95810 -1.00000
0.00000 0.70709 -0.70712
0.62500 0.43750
Bone.002 1.0

VERT:
1.00000 5.45810 -1.00000
0.70711 0.00000 -0.70711
0.62500 0.50000
Bone 0.0 Bone.002 1.0

VERT:
0.50000 5.45810 -1.00000
0.00000 0.00000 -1.00000
0.62500 0.43750
Bone.002 0.99833 Bone 0.0

VERT:
-1.00000 0.46857 -1.00000
-0.70711 0.00000 -0.70711
0.43750 0.25000
Bone 0.987117

VERT:
-1.00000 -0.01746 -0.50000
-0.70275 -0.71133 0.01227
0.37500 0.18750
Bone 0.983156

VERT:
-1.00000 0.47643 -0.50000
-1.00000 0.00000 -0.00000
0.43750 0.18750
Bone 0.986413

VERT:
0.50000 0.49214 -1.00000
-0.00000 0.00000 -1.00000
0.43750 0.43750
Bone 0.986052

VERT:
1.00000 0.01397 -1.00000
0.58316 -0.56850 -0.58028
0.37500 0.50000
Bone 0.98456 Bone.001 0.0

VERT:
0.50000 0.00349 -1.00000
0.01220 -0.70756 -0.70654
0.37500 0.43750
Bone 0.984126

VERT:
-0.50000 0.49738 1.00000
-0.00000 -0.00000 1.00000
0.43750 0.93750
Bone 0.984354

VERT:
-1.00000 0.01397 1.00000
-0.58028 -0.56850 0.58316
0.37500 1.00000
Bone 0.984155 Bone.001 0.0

VERT:
-0.50000 0.01048 1.00000
-0.00231 -0.70272 0.71147
0.37500 0.93750
Bone 0.983931

VERT:
-1.00000 0.00349 0.50000
-0.70654 -0.70756 0.01220
0.12500 0.68750
Bone 1.0

VERT:
-0.50000 0.01048 1.00000
-0.00231 -0.70272 0.71147
0.18750 0.75000
Bone 0.983931

VERT:
-1.00000 0.01397 1.00000
-0.58028 -0.56850 0.58316
0.12500 0.75000
Bone 0.984155 Bone.001 0.0

VERT:
-0.50000 5.95810 1.00000
0.00000 0.70709 0.70712
0.62500 0.93750
Bone.002 1.0

VERT:
-1.00000 5.45810 1.00000
-0.70711 0.00000 0.70711
0.62500 1.00000
Bone 0.023156 Bone.002 1.0

VERT:
-0.50000 5.45810 1.00000
0.00000 0.00000 1.00000
0.62500 0.93750
Bone.002 1.0 Bone 0.023063

VERT:
1.00000 0.48953 1.00000
0.70711 -0.00000 0.70711
0.43750 0.75000
Bone 0.984509

VERT:
1.00000 0.00349 0.50000
0.70770 -0.70651 -0.00232
0.37500 0.68750
Bone 1.0

VERT:
1.00000 0.49214 0.50000
1.00000 0.00000 0.00000
0.43750 0.68750
Bone 0.984806

VERT:
0.50000 3.95810 -1.00000
0.00000 0.00000 -1.00000
0.62500 0.43750
Bone 0.0 Bone.002 0.084457

VERT:
1.00000 3.45810 -1.00000
0.70711 0.00000 -0.70711
0.62500 0.50000
Bone 0.0 Bone.002 0.062932 Bone.001 1.0

VERT:
0.50000 3.45810 -1.00000
0.00000 0.00000 -1.00000
0.62500 0.43750
Bone.002 0.063343 Bone 0.0 Bone.001 0.99773

VERT:
1.00000 5.95810 0.50000
0.70712 0.70709 0.00000
0.62500 0.68750
Bone.002 1.0

VERT:
0.50000 5.95810 1.00000
0.00000 0.70709 0.70712
0.68750 0.75000
Bone.002 1.0

VERT:
1.00000 5.95810 1.00000
0.57734 0.57734 0.57737
0.62500 0.75000
Bone.001 0.0 Bone.002 1.0

VERT:
-1.00000 3.95810 -0.50000
-1.00000 0.00000 0.00000
0.62500 0.18750
Bone 0.0 Bone.002 0.085857

VERT:
-1.00000 3.45810 -1.00000
-0.70711 0.00000 -0.70711
0.62500 0.25000
Bone.002 0.064575 Bone 0.0 Bone.001 1.0

VERT:
-1.00000 3.45810 -0.50000
-1.00000 0.00000 0.00000
0.62500 0.18750
Bone.002 0.064393 Bone 0.0 Bone.001 0.999917

VERT:
1.00000 3.95810 0.50000
1.00000 0.00000 0.00000
0.62500 0.68750
Bone 0.0 Bone.002 0.084671 Bone.001 0.026334

VERT:
1.00000 3.45810 1.00000
0.70711 0.00000 0.70711
0.62500 0.75000
Bone 0.0 Bone.002 0.063694 Bone.001 1.0

VERT:
1.00000 3.45810 0.50000
1.00000 0.00000 0.00000
0.62500 0.68750
Bone.002 0.063504 Bone 0.0 Bone.001 1.0

VERT:
1.00000 5.45810 1.00000
0.70711 0.00000 0.70711
0.62500 0.75000
Bone 0.0 Bone.002 1.0

VERT:
1.00000 5.45810 0.50000
1.00000 0.00000 0.00000
0.62500 0.68750
Bone.002 1.0 Bone 0.0

VERT:
-1.00000 5.95810 -0.50000
-0.70712 0.70709 0.00000
0.62500 0.18750
Bone.002 1.0

VERT:
-1.00000 5.45810 -1.00000
-0.70711 0.00000 -0.70711
0.62500 0.25000
Bone 0.0 Bone.002 1.0

VERT:
-1.00000 5.45810 -0.50000
-1.00000 0.00000 0.00000
0.62500 0.18750
Bone.002 1.0 Bone 0.02314

VERT:
-0.50000 3.95810 1.00000
0.00000 0.00000 1.00000
0.62500 0.93750
Bone 0.0 Bone.002 0.085077

VERT:
-1.00000 3.45810 1.00000
-0.70711 0.00000 0.70711
0.62500 1.00000
Bone.002 0.063845 Bone 0.0 Bone.001 1.0

VERT:
-0.50000 3.45810 1.00000
0.00000 0.00000 1.00000
0.62500 0.93750
Bone.002 0.063807 Bone 0.0 Bone.001 0.997108

VERT:
-0.50000 2.95810 1.00000
0.00000 0.00000 1.00000
0.62500 0.93750
Bone.002 0.042538 Bone 0.035619 Bone.001 0.99596

VERT:
-1.00000 2.45810 1.00000
-0.70711 0.00000 0.70711
0.62500 1.00000
Bone 0.0 Bone.002 0.021282 Bone.001 1.0

VERT:
-0.50000 2.45810 1.00000
0.00000 0.00000 1.00000
0.62500 0.93750
Bone 0.0 Bone.002 0.021269 Bone.001 0.975014

VERT:
0.50000 2.95810 1.00000
0.00000 0.00000 1.00000
0.62500 0.81250
Bone 0.0 Bone.002 0.042488 Bone.001 0.999709

VERT:
0.00000 2.45810 1.00000
0.00000 0.00000 1.00000
0.62500 0.87500
Bone.002 0.021257 Bone 0.0 Bone.001 0.999063

VERT:
0.50000 2.45810 1.00000
0.00000 0.00000 1.00000
0.62500 0.81250
Bone 0.0 Bone.002 0.021244 Bone.001 0.997102

VERT:
0.50000 3.95810 1.00000
0.00000 0.00000 1.00000
0.62500 0.81250
Bone.002 0.084976 Bone 0.0

VERT:
0.00000 3.45810 1.00000
0.00000 0.00000 1.00000
0.62500 0.87500
Bone 0.0 Bone.002 0.06377 Bone.001 0.985869

VERT:
0.50000 3.45810 1.00000
0.00000 0.00000 1.00000
0.62500 0.81250
Bone.002 0.063732 Bone 0.0 Bone.001 0.998709

VERT:
-1.00000 4.95810 -0.50000
-1.00000 0.00000 0.00000
0.62500 0.18750
Bone.002 1.0 Bone 0.0

VERT:
-1.00000 4.45810 -1.00000
-0.70711 0.00000 -0.70711
0.62500 0.25000
Bone.002 1.0 Bone 0.0

VERT:
-1.00000 4.45810 -0.50000
-1.00000 0.00000 0.00000
0.62500 0.18750
Bone 0.0 Bone.002 1.0

VERT:
-1.00000 4.95810 0.50000
-1.00000 0.00000 0.00000
0.62500 0.06250
Bone 0.0 Bone.002 1.0

VERT:
-1.00000 4.45810 0.00000
-1.00000 0.00000 0.00000
0.62500 0.12500
Bone.002 1.0 Bone 0.0

VERT:
-1.00000 4.45810 0.50000
-1.00000 0.00000 0.00000
0.62500 0.06250
Bone 0.0 Bone.002 1.0

VERT:
-1.00000 5.95810 0.50000
-0.70712 0.70709 0.00000
0.62500 0.06250
Bone.002 1.0

VERT:
-1.00000 5.45810 0.00000
-1.00000 0.00000 0.00000
0.62500 0.12500
Bone 0.018828 Bone.002 1.0

VERT:
-1.00000 5.45810 0.50000
-1.00000 0.00000 0.00000
0.62500 0.06250
Bone.002 1.0 Bone 0.0

VERT:
1.00000 4.95810 0.50000
1.00000 0.00000 0.00000
0.62500 0.68750
Bone 0.0 Bone.002 1.0

VERT:
1.00000 4.45810 1.00000
0.70711 0.00000 0.70711
0.62500 0.75000
Bone.002 1.0 Bone 0.0

VERT:
1.00000 4.45810 0.50000
1.00000 0.00000 0.00000
0.62500 0.68750
Bone.002 1.0 Bone 0.0

VERT:
1.00000 4.95810 -0.50000
1.00000 0.00000 0.00000
0.62500 0.56250
Bone.002 1.0 Bone 0.0

VERT:
1.00000 4.45810 0.00000
1.00000 0.00000 0.00000
0.62500 0.62500
Bone 0.0 Bone.002 1.0

VERT:
1.00000 4.45810 -0.50000
1.00000 0.00000 0.00000
0.62500 0.56250
Bone 0.0 Bone.002 1.0

VERT:
1.00000 5.95810 -0.50000
0.70712 0.70709 0.00000
0.62500 0.56250
Bone.002 1.0

VERT:
1.00000 5.45810 0.00000
1.00000 0.00000 0.00000
0.62500 0.62500
Bone 0.0 Bone.002 1.0

VERT:
1.00000 5.45810 -0.50000
1.00000 0.00000 0.00000
0.62500 0.56250
Bone.002 1.0 Bone 0.0

VERT:
1.00000 2.95810 0.50000
1.00000 0.00000 0.00000
0.62500 0.68750
Bone.002 0.042336 Bone 0.0 Bone.001 1.0

VERT:
1.00000 2.45810 1.00000
0.70711 0.00000 0.70711
0.62500 0.75000
Bone.002 0.021231 Bone 0.0 Bone.001 1.0

VERT:
1.00000 2.45810 0.50000
1.00000 0.00000 0.00000
0.62500 0.68750
Bone 0.0 Bone.002 0.021168 Bone.001 0.984152

VERT:
1.00000 2.95810 -0.50000
1.00000 0.00000 0.00000
0.62500 0.56250
Bone 0.0 Bone.002 0.042082 Bone.001 1.0

VERT:
1.00000 2.45810 0.00000
1.00000 0.00000 0.00000
0.62500 0.62500
Bone.002 0.021104 Bone 0.0 Bone.001 1.0

VERT:
1.00000 2.45810 -0.50000
1.00000 0.00000 0.00000
0.62500 0.56250
Bone 0.0 Bone.002 0.021041 Bone.001 1.0

VERT:
1.00000 3.95810 -0.50000
1.00000 0.00000 0.00000
0.62500 0.56250
Bone.002 0.084163 Bone 0.0 Bone.001 0.155421

VERT:
1.00000 3.45810 0.00000
1.00000 0.00000 0.00000
0.62500 0.62500
Bone 0.0 Bone.002 0.063313 Bone.001 1.0

VERT:
1.00000 3.45810 -0.50000
1.00000 0.00000 0.00000
0.62500 0.56250
Bone.002 0.063122 Bone 0.0 Bone.001 1.0

VERT:
-1.00000 2.95810 -0.50000
-1.00000 0.00000 0.00000
0.62500 0.18750
Bone.002 0.042928 Bone 0.0 Bone.001 0.991618

VERT:
-1.00000 2.45810 -1.00000
-0.70711 0.00000 -0.70711
0.62500 0.25000
Bone 0.0 Bone.002 0.021525 Bone.001 1.0

VERT:
-1.00000 2.45810 -0.50000
-1.00000 0.00000 0.00000
0.62500 0.18750
Bone 0.155269 Bone.002 0.021464 Bone.001 0.985106

VERT:
-1.00000 2.95810 0.50000
-1.00000 0.00000 0.00000
0.62500 0.06250
Bone 0.0 Bone.002 0.042685 Bone.001 0.999995

VERT:
-1.00000 2.45810 0.00000
-1.00000 0.00000 0.00000
0.62500 0.12500
Bone.002 0.021403 Bone 0.0 Bone.001 0.997879

VERT:
-1.00000 2.45810 0.50000
-1.00000 0.00000 0.00000
0.62500 0.06250
Bone.002 0.021343 Bone 0.0 Bone.001 0.952023

VERT:
-1.00000 3.95810 0.50000
-1.00000 0.00000 0.00000
0.62500 0.06250
Bone.002 0.08537 Bone 0.0

VERT:
-1.00000 3.45810 0.00000
-1.00000 0.00000 0.00000
0.62500 0.12500
Bone 0.0 Bone.002 0.06421 Bone.001 0.955131

VERT:
-1.00000 3.45810 0.50000
-1.00000 0.00000 0.00000
0.62500 0.06250
Bone 0.0 Bone.002 0.064028 Bone.001 0.998566

VERT:
0.50000 5.95810 -1.00000
0.00000 0.70709 -0.70712
0.68750 0.50000
Bone.002 1.0

VERT:
1.00000 5.95810 -1.00000
0.57737 0.57734 -0.57734
0.62500 0.50000
Bone.001 0.0 Bone.002 1.0

VERT:
0.00000 5.95810 0.00000
0.00000 1.00000 0.00000
0.75000 0.62500
Bone.002 1.0

VERT:
0.00000 5.95810 -1.00000
0.00000 0.70710 -0.70712
0.75000 0.50000
Bone.002 1.0 Bone 0.0

VERT:
-0.50000 5.95810 -1.00000
0.00000 0.70709 -0.70712
0.81250 0.50000
Bone.002 1.0 Bone 0.0

VERT:
-1.00000 5.95810 0.50000
-0.70712 0.70709 0.00000
0.87500 0.68750
Bone.002 1.0

VERT:
-1.00000 5.95810 1.00000
-0.57737 0.57734 0.57734
0.87500 0.75000
Bone.001 0.0 Bone.002 1.0

VERT:
-0.50000 5.95810 1.00000
0.00000 0.70709 0.70712
0.81250 0.75000
Bone.002 1.0

VERT:
0.50000 2.95810 -1.00000
0.00000 0.00000 -1.00000
0.62500 0.43750
Bone.002 0.042228 Bone 0.0 Bone.001 1.0

VERT:
1.00000 2.45810 -1.00000
0.70711 0.00000 -0.70711
0.62500 0.50000
Bone.002 0.020977 Bone 0.0 Bone.001 1.0

VERT:
0.50000 2.45810 -1.00000
0.00000 0.00000 -1.00000
0.62500 0.43750
Bone 0.0 Bone.002 0.021114 Bone.001 1.0

VERT:
-0.50000 2.95810 -1.00000
0.00000 0.00000 -1.00000
0.62500 0.31250
Bone 0.0 Bone.002 0.042776 Bone.001 1.0

VERT:
0.00000 2.45810 -1.00000
0.00000 0.00000 -1.00000
0.62500 0.37500
Bone.002 0.021251 Bone 0.0 Bone.001 0.999722

VERT:
-0.50000 2.45810 -1.00000
0.00000 0.00000 -1.00000
0.62500 0.31250
Bone.002 0.021388 Bone 0.0 Bone.001 0.999864

VERT:
-0.50000 3.95810 -1.00000
0.00000 0.00000 -1.00000
0.62500 0.31250
Bone.002 0.085553 Bone 0.0

VERT:
0.00000 3.45810 -1.00000
0.00000 0.00000 -1.00000
0.62500 0.37500
Bone 0.0 Bone.002 0.063754 Bone.001 0.987974

VERT:
-0.50000 3.45810 -1.00000
0.00000 0.00000 -1.00000
0.62500 0.31250
Bone 0.0 Bone.002 0.064164 Bone.001 0.990397

VERT:
1.00000 0.49476 -0.00000
1.00000 0.00000 -0.00000
0.43750 0.62500
Bone 0.985103

VERT:
1.00000 0.01048 -0.50000
0.71147 -0.70272 -0.00231
0.37500 0.56250
Bone 1.0

VERT:
1.00000 0.49738 -0.50000
1.00000 0.00000 0.00000
0.43750 0.56250
Bone 0.9854

VERT:
1.00000 1.47032 -0.00000
1.00000 0.00000 0.00000
0.56250 0.62500
Bone 0.987487

VERT:
1.00000 0.98429 -0.50000
1.00000 0.00000 0.00000
0.50000 0.56250
Bone 0.986564

VERT:
1.00000 1.47119 -0.50000
1.00000 0.00000 0.00000
0.56250 0.56250
Bone 0.987728

VERT:
1.00000 1.46858 1.00000
0.70711 -0.00000 0.70711
0.56250 0.75000
Bone 0.987005

VERT:
1.00000 0.98080 0.50000
1.00000 0.00000 0.00000
0.50000 0.68750
Bone 0.986026

VERT:
1.00000 1.46945 0.50000
1.00000 0.00000 0.00000
0.56250 0.68750
Bone 0.987246

VERT:
-0.50000 4.95810 1.00000
0.00000 0.00000 1.00000
0.62500 0.93750
Bone 0.046126 Bone.002 1.0

VERT:
-1.00000 4.45810 1.00000
-0.70711 0.00000 0.70711
0.62500 1.00000
Bone.002 1.0 Bone 0.0

VERT:
-0.50000 4.45810 1.00000
0.00000 0.00000 1.00000
0.62500 0.93750
Bone.002 1.0 Bone 0.069189

VERT:
0.50000 4.95810 1.00000
0.00000 0.00000 1.00000
0.62500 0.81250
Bone.002 1.0 Bone 0.045754

VERT:
0.00000 4.45810 1.00000
0.00000 0.00000 1.00000
0.62500 0.87500
Bone 0.0 Bone.002 1.0

VERT:
0.50000 4.45810 1.00000
0.00000 0.00000 1.00000
0.62500 0.81250
Bone 0.0 Bone.002 1.0

VERT:
0.50000 5.95810 1.00000
0.00000 0.70709 0.70712
0.62500 0.81250
Bone.002 1.0

VERT:
0.00000 5.45810 1.00000
0.00000 0.00000 1.00000
0.62500 0.87500
Bone 0.02297 Bone.002 1.0

VERT:
0.50000 5.45810 1.00000
0.00000 0.00000 1.00000
0.62500 0.81250
Bone.002 1.0 Bone 0.022877

VERT:
-0.50000 -0.01746 -1.00000
0.01227 -0.71133 -0.70275
0.18750 0.50000
Bone 0.983257

VERT:
-1.00000 -0.01746 -0.50000
-0.70275 -0.71133 0.01227
0.12500 0.56250
Bone 0.983156

VERT:
-1.00000 -0.02793 -1.00000
-0.57067 -0.59049 -0.57067
0.12500 0.50000
Bone 0.982822 Bone.001 0.0

VERT:
0.00000 0.00000 -0.00000
0.00698 -0.99995 0.00698
0.25000 0.62500
Bone 0.9837

VERT:
0.00000 -0.00698 -1.00000
0.01486 -0.70940 -0.70465
0.25000 0.50000
Bone 0.983691

VERT:
0.50000 0.00349 -1.00000
0.01220 -0.70756 -0.70654
0.31250 0.50000
Bone 0.984126

VERT:
1.00000 0.00000 1.00000
0.57514 -0.58174 0.57514
0.37500 0.75000
Bone 1.0 Bone.001 0.0

VERT:
0.50000 0.00349 1.00000
-0.00232 -0.70651 0.70770
0.31250 0.75000
Bone 0.983484

VERT:
0.50000 0.49214 1.00000
-0.00000 -0.00000 1.00000
0.43750 0.81250
Bone 0.984457

VERT:
0.00000 0.00698 1.00000
-0.00492 -0.70461 0.70958
0.37500 0.87500
Bone 0.983708

VERT:
0.50000 0.00349 1.00000
-0.00232 -0.70651 0.70770
0.37500 0.81250
Bone 0.983484

VERT:
0.50000 1.46945 1.00000
-0.00000 -0.00000 1.00000
0.56250 0.81250
Bone 0.986403

VERT:
0.00000 0.98254 1.00000
-0.00000 -0.00000 1.00000
0.50000 0.87500
Bone 0.985104

VERT:
0.50000 0.98080 1.00000
-0.00000 -0.00000 1.00000
0.50000 0.81250
Bone 0.98543

VERT:
-0.50000 1.47119 1.00000
-0.00000 -0.00000 1.00000
0.56250 0.93750
Bone 0.985201

VERT:
-1.00000 0.98603 1.00000
-0.70711 -0.00000 0.70711
0.50000 1.00000
Bone 0.984452

VERT:
-0.50000 0.98429 1.00000
-0.00000 -0.00000 1.00000
0.50000 0.93750
Bone 0.984778

VERT:
-0.50000 0.47643 -1.00000
-0.00000 0.00000 -1.00000
0.43750 0.31250
Bone 0.986762

VERT:
0.00000 -0.00698 -1.00000
0.01486 -0.70940 -0.70465
0.37500 0.37500
Bone 0.983691

VERT:
-0.50000 -0.01746 -1.00000
0.01227 -0.71133 -0.70275
0.37500 0.31250
Bone 0.983257

VERT:
-0.50000 1.46421 -1.00000
-0.00000 0.00000 -1.00000
0.56250 0.31250
Bone 0.993772

VERT:
0.00000 0.97556 -1.00000
-0.00000 0.00000 -1.00000
0.50000 0.37500
Bone 0.989122

VERT:
-0.50000 0.97032 -1.00000
-0.00000 0.00000 -1.00000
0.50000 0.31250
Bone 0.990267

VERT:
0.50000 1.46945 -1.00000
-0.00000 0.00000 -1.00000
0.56250 0.43750
Bone 0.989904

VERT:
1.00000 0.98603 -1.00000
0.70711 0.00000 -0.70711
0.50000 0.50000
Bone 0.986833

VERT:
0.50000 0.98080 -1.00000
-0.00000 0.00000 -1.00000
0.50000 0.43750
Bone 0.987978

VERT:
-1.00000 0.48429 -0.00000
-1.00000 0.00000 -0.00000
0.43750 0.12500
Bone 0.98571

VERT:
-1.00000 0.00349 0.50000
-0.70654 -0.70756 0.01220
0.37500 0.06250
Bone 1.0

VERT:
-1.00000 0.49214 0.50000
-1.00000 0.00000 0.00000
0.43750 0.06250
Bone 0.985007

VERT:
-1.00000 1.46683 -0.00000
-1.00000 0.00000 0.00000
0.56250 0.12500
Bone 0.990153

VERT:
-1.00000 0.98080 0.50000
-1.00000 0.00000 0.00000
0.50000 0.06250
Bone 0.986192

VERT:
-1.00000 1.46945 0.50000
-1.00000 0.00000 0.00000
0.56250 0.06250
Bone 0.987376

VERT:
-1.00000 1.46159 -1.00000
-0.70711 0.00000 -0.70711
0.56250 0.25000
Bone 0.995705

VERT:
-1.00000 0.97032 -0.50000
-1.00000 0.00000 0.00000
0.50000 0.18750
Bone 0.989671

VERT:
-1.00000 1.46421 -0.50000
-1.00000 0.00000 0.00000
0.56250 0.18750
Bone 0.992929

VERT:
0.50000 4.95810 -1.00000
0.00000 0.00000 -1.00000
0.62500 0.43750
Bone.002 1.0 Bone 0.0

VERT:
1.00000 4.45810 -1.00000
0.70711 0.00000 -0.70711
0.62500 0.50000
Bone.002 1.0 Bone 0.0

VERT:
0.50000 4.45810 -1.00000
0.00000 0.00000 -1.00000
0.62500 0.43750
Bone 0.0 Bone.002 1.0

VERT:
-0.50000 4.95810 -1.00000
0.00000 0.00000 -1.00000
0.62500 0.31250
Bone 0.0 Bone.002 1.0

VERT:
0.00000 4.45810 -1.00000
0.00000 0.00000 -1.00000
0.62500 0.37500
Bone.002 1.0 Bone 0.0

VERT:
-0.50000 4.45810 -1.00000
0.00000 0.00000 -1.00000
0.62500 0.31250
Bone 0.0 Bone.002 1.0

VERT:
-0.50000 5.95810 -1.00000
0.00000 0.70709 -0.70712
0.62500 0.31250
Bone.002 1.0 Bone 0.0

VERT:
0.00000 5.45810 -1.00000
0.00000 0.00000 -1.00000
0.62500 0.37500
Bone 0.0 Bone.002 1.0

VERT:
-0.50000 5.45810 -1.00000
0.00000 0.00000 -1.00000
0.62500 0.31250
Bone.002 1.0 Bone 0.0

VERT:
0.00000 4.95810 -1.00000
0.00000 0.00000 -1.00000
0.62500 0.37500
Bone 0.0 Bone.002 1.0

VERT:
-1.00000 4.95810 -1.00000
-0.70711 0.00000 -0.70711
0.62500 0.25000
Bone.002 1.0 Bone 0.0

VERT:
-1.00000 5.95810 -1.00000
-0.57734 0.57734 -0.57737
0.62500 0.25000
Bone.001 0.0 Bone.002 1.0

VERT:
0.00000 3.95810 -1.00000
0.00000 0.00000 -1.00000
0.62500 0.37500
Bone.002 0.085005 Bone 0.0

VERT:
-1.00000 3.95810 -1.00000
-0.70711 0.00000 -0.70711
0.62500 0.25000
Bone 0.0 Bone.001 0.0 Bone.002 0.0861

VERT:
1.00000 3.95810 -1.00000
0.70711 0.00000 -0.70711
0.62500 0.50000
Bone 0.0 Bone.001 0.0 Bone.002 0.083909

VERT:
-1.00000 0.97556 -0.00000
-1.00000 0.00000 0.00000
0.50000 0.12500
Bone 0.987931

VERT:
-1.00000 1.95810 -0.50000
-1.00000 0.00000 0.00000
0.62500 0.18750
Bone 0.996187

VERT:
-1.00000 1.95810 0.00000
-1.00000 0.00000 0.00000
0.62500 0.12500
Bone 0.992374

VERT:
-1.00000 1.95810 -1.00000
-0.70712 0.00000 -0.70710
0.62500 0.25000
Bone 1.0 Bone.001 0.0

VERT:
-1.00000 0.98603 1.00000
-0.70711 -0.00000 0.70711
0.50000 0.00000
Bone 0.984452

VERT:
-1.00000 1.47207 1.00000
-0.70711 -0.00000 0.70711
0.56250 0.00000
Bone 0.9846

VERT:
-1.00000 1.95810 0.50000
-1.00000 0.00000 0.00000
0.62500 0.06250
Bone 0.988561

VERT:
-1.00000 1.95810 1.00000
-0.70710 -0.00000 0.70712
0.62500 0.00000
Bone 0.984748 Bone.001 0.0

VERT:
-1.00000 0.01397 1.00000
-0.58028 -0.56850 0.58316
0.37500 0.00000
Bone 0.984155 Bone.001 0.0

VERT:
-1.00000 0.50000 1.00000
-0.70711 -0.00000 0.70711
0.43750 0.00000
Bone 0.984303

VERT:
0.00000 1.46683 -1.00000
-0.00000 0.00000 -1.00000
0.56250 0.37500
Bone 0.991838

VERT:
0.00000 1.95810 -1.00000
-0.00000 0.00000 -1.00000
0.62500 0.37500
Bone 0.994553

VERT:
0.50000 1.95810 -1.00000
-0.00000 0.00000 -1.00000
0.62500 0.43750
Bone 0.99183

VERT:
1.00000 1.47207 -1.00000
0.70711 0.00000 -0.70711
0.56250 0.50000
Bone 0.98797

VERT:
-1.00000 0.96508 -1.00000
-0.70711 0.00000 -0.70711
0.50000 0.25000
Bone 0.991411

VERT:
-0.50000 1.95810 -1.00000
0.00000 0.00000 -1.00000
0.62500 0.31250
Bone 0.997276

VERT:
-1.00000 -0.02793 -1.00000
-0.57067 -0.59049 -0.57067
0.37500 0.25000
Bone 0.982822 Bone.001 0.0

VERT:
0.00000 0.48429 -1.00000
-0.00000 0.00000 -1.00000
0.43750 0.37500
Bone 0.986407

VERT:
0.00000 1.47032 1.00000
-0.00000 -0.00000 1.00000
0.56250 0.87500
Bone 0.985802

VERT:
0.00000 1.95810 1.00000
-0.00000 -0.00000 1.00000
0.62500 0.87500
Bone 0.9865

VERT:
-0.50000 1.95810 1.00000
-0.00000 -0.00000 1.00000
0.62500 0.93750
Bone 0.985624

VERT:
-1.00000 1.47207 1.00000
-0.70711 -0.00000 0.70711
0.56250 1.00000
Bone 0.9846

VERT:
1.00000 0.97905 1.00000
0.70711 -0.00000 0.70711
0.50000 0.75000
Bone 0.985757

VERT:
1.00000 1.95810 1.00000
0.70712 -0.00000 0.70710
0.62500 0.75000
Bone 0.988252 Bone.001 0.0

VERT:
0.50000 1.95810 1.00000
-0.00000 -0.00000 1.00000
0.62500 0.81250
Bone 0.987376

VERT:
0.00000 0.49476 1.00000
-0.00000 -0.00000 1.00000
0.43750 0.87500
Bone 0.984406

VERT:
0.00000 0.00698 1.00000
-0.00492 -0.70461 0.70958
0.25000 0.75000
Bone 0.983708

VERT:
0.00000 4.95810 1.00000
0.00000 0.00000 1.00000
0.62500 0.87500
Bone.002 1.0 Bone 0.0

VERT:
1.00000 4.95810 1.00000
0.70711 0.00000 0.70711
0.62500 0.75000
Bone 0.0 Bone.002 1.0

VERT:
0.00000 3.95810 1.00000
0.00000 0.00000 1.00000
0.62500 0.87500
Bone.002 0.085026 Bone 0.09188

VERT:
1.00000 3.95810 1.00000
0.70711 0.00000 0.70711
0.62500 0.75000
Bone 0.0 Bone.001 0.0 Bone.002 0.084925

VERT:
-1.00000 3.95810 1.00000
-0.70711 0.00000 0.70711
0.62500 1.00000
Bone 0.0 Bone.001 0.0 Bone.002 0.085127

VERT:
1.00000 0.98254 -0.00000
1.00000 0.00000 0.00000
0.50000 0.62500
Bone 0.986295

VERT:
1.00000 1.95810 0.50000
1.00000 0.00000 0.00000
0.62500 0.68750
Bone 0.988466

VERT:
1.00000 1.95810 0.00000
1.00000 0.00000 0.00000
0.62500 0.62500
Bone 0.988679

VERT:
1.00000 1.95810 -0.50000
1.00000 0.00000 0.00000
0.62500 0.56250
Bone 0.988893

VERT:
1.00000 1.95810 -1.00000
0.70710 0.00000 -0.70712
0.62500 0.50000
Bone 0.989106 Bone.001 0.0

VERT:
1.00000 0.50000 -1.00000
0.70711 0.00000 -0.70711
0.43750 0.50000
Bone 0.985697

VERT:
0.00000 2.95810 -1.00000
0.00000 0.00000 -1.00000
0.62500 0.37500
Bone 0.0 Bone.002 0.042502 Bone.001 0.963689

VERT:
-1.00000 2.95810 -1.00000
-0.70711 0.00000 -0.70711
0.62500 0.25000
Bone.002 0.04305 Bone 0.0 Bone.001 1.0

VERT:
0.00000 5.95810 1.00000
0.00000 0.70710 0.70712
0.75000 0.75000
Bone.002 1.0

VERT:
-1.00000 5.95810 -1.00000
-0.57734 0.57734 -0.57737
0.87500 0.50000
Bone.001 0.0 Bone.002 1.0

VERT:
-1.00000 5.95810 -0.50000
-0.70712 0.70709 0.00000
0.87500 0.56250
Bone.002 1.0

VERT:
-1.00000 2.95810 0.00000
-1.00000 0.00000 0.00000
0.62500 0.12500
Bone 0.0 Bone.002 0.042807 Bone.001 0.991419

VERT:
-1.00000 3.45810 1.00000
-0.70711 0.00000 0.70711
0.62500 0.00000
Bone.002 0.063845 Bone 0.0 Bone.001 1.0

VERT:
-1.00000 2.95810 1.00000
-0.70711 0.00000 0.70711
0.62500 0.00000
Bone.002 0.042563 Bone 0.0 Bone.001 1.0

VERT:
-1.00000 3.95810 1.00000
-0.70711 0.00000 0.70711
0.62500 0.00000
Bone 0.0 Bone.001 0.0 Bone.002 0.085127

VERT:
-1.00000 2.45810 1.00000
-0.70711 0.00000 0.70711
0.62500 0.00000
Bone 0.0 Bone.002 0.021282 Bone.001 1.0

VERT:
1.00000 2.95810 0.00000
1.00000 0.00000 0.00000
0.62500 0.62500
Bone 0.0 Bone.002 0.042209 Bone.001 1.0

VERT:
1.00000 2.95810 -1.00000
0.70711 0.00000 -0.70711
0.62500 0.50000
Bone.002 0.041955 Bone 0.0 Bone.001 1.0

VERT:
1.00000 4.95810 0.00000
1.00000 0.00000 0.00000
0.62500 0.62500
Bone.002 1.0 Bone 0.0

VERT:
1.00000 4.95810 -1.00000
0.70711 0.00000 -0.70711
0.62500 0.50000
Bone 0.0 Bone.002 1.0

VERT:
1.00000 3.95810 0.00000
1.00000 0.00000 0.00000
0.62500 0.62500
Bone.002 0.084417 Bone 0.0 Bone.001 0.026539

VERT:
-1.00000 4.95810 0.00000
-1.00000 0.00000 0.00000
0.62500 0.12500
Bone 0.0 Bone.002 1.0

VERT:
-1.00000 5.45810 1.00000
-0.70711 0.00000 0.70711
0.62500 0.00000
Bone 0.023156 Bone.002 1.0

VERT:
-1.00000 4.95810 1.00000
-0.70711 0.00000 0.70711
0.62500 0.00000
Bone.002 1.0 Bone 0.046312

VERT:
-1.00000 5.95810 1.00000
-0.57737 0.57734 0.57734
0.62500 0.00000
Bone.001 0.0 Bone.002 1.0

VERT:
-1.00000 3.95810 0.00000
-1.00000 0.00000 0.00000
0.62500 0.12500
Bone.002 0.085614 Bone 0.0

VERT:
-1.00000 4.45810 1.00000
-0.70711 0.00000 0.70711
0.62500 0.00000
Bone.002 1.0 Bone 0.0

VERT:
0.00000 2.95810 1.00000
0.00000 0.00000 1.00000
0.62500 0.87500
Bone 0.012046 Bone.002 0.042513 Bone.001 0.999837

VERT:
1.00000 2.95810 1.00000
0.70711 0.00000 0.70711
0.62500 0.75000
Bone.002 0.042463 Bone 0.0 Bone.001 1.0

VERT:
-1.00000 1.95810 1.00000
-0.70710 -0.00000 0.70712
0.62500 1.00000
Bone 0.984748 Bone.001 0.0

VERT:
-1.00000 2.95810 1.00000
-0.70711 0.00000 0.70711
0.62500 1.00000
Bone.002 0.042563 Bone 0.0 Bone.001 1.0

VERT:
-1.00000 5.95810 0.00000
-0.70712 0.70710 0.00000
0.62500 0.12500
Bone.002 1.0

VERT:
1.00000 5.95810 0.00000
0.70712 0.70710 0.00000
0.62500 0.62500
Bone.002 1.0

VERT:
1.00000 0.00698 -0.00000
0.70958 -0.70461 -0.00492
0.37500 0.62500
Bone 1.0

VERT:
-1.00000 4.95810 1.00000
-0.70711 0.00000 0.70711
0.62500 1.00000
Bone.002 1.0 Bone 0.046312

VERT:
0.00000 5.95810 1.00000
0.00000 0.70710 0.70712
0.62500 0.87500
Bone.002 1.0

VERT:
-1.00000 0.50000 1.00000
-0.70711 -0.00000 0.70711
0.43750 1.00000
Bone 0.984303

VERT:
-1.00000 -0.00698 -0.00000
-0.70465 -0.70940 0.01486
0.37500 0.12500
Bone 0.996928

VERT:
0.00000 5.95810 -1.00000
0.00000 0.70710 -0.70712
0.62500 0.37500
Bone.002 1.0 Bone 0.0

VERT:
-1.00000 5.95810 1.00000
-0.57737 0.57734 0.57734
0.62500 1.00000
Bone.001 0.0 Bone.002 1.0

VERT:
-1.00000 5.95810 0.00000
-0.70712 0.70710 0.00000
0.87500 0.62500
Bone.002 1.0

VERT:
-1.00000 -0.00698 -0.00000
-0.70465 -0.70940 0.01486
0.12500 0.62500
Bone 0.996928

INDEX_COUNT: 1248
0 1 2 3 4 5 6 7 8 9 10 11 12 13 14 15 16 17 18 19 20 21 22 23 24 25 26 27 28 29 30 31 32 24 33 34 35 36 37 38 39 40 41 42 43 44 45 46 47 48 49 50 51 52 53 54 55 56 57 58 59 60 61 62 63 64 65 66 67 68 69 70 71 72 73 74 75 76 77 78 79 80 81 82 83 84 85 86 65 87 88 89 90 91 92 93 94 95 96 97 98 99 100 101 102 103 104 105 106 107 108 109 110 111 112 113 114 115 116 117 118 119 120 121 122 123 124 125 126 19 127 128 129 130 131 132 133 134 135 136 137 138 139 140 141 142 143 144 145 146 147 148 149 150 151 152 153 154 155 156 157 158 159 160 161 162 163 164 164 165 159 36 159 166 167 164 36 161 168 100 51 100 169 166 161 51 158 170 21 160 21 168 165 158 160 155 171 150 172 150 173 174 155 172 152 175 176 177 176 178 173 152 177 149 179 180 151 180 175 171 149 151 181 146 142 182 144 181 183 184 144 153 143 185 174 141 153 186 181 141 3 140 187 185 138 3 143 188 138 189 137 133 190 135 189 191 192 135 109 134 193 194 132 109 195 189 132 18 131 127 193 129 18 134 196 129 128 197 124 7 104 126 124 122 121 120 198 115 33 115 199 26 120 33 117 200 47 60 47 201 199 117 60 114 202 38 116 38 200 198 114 116 111 203 106 204 106 205 194 111 204 108 145 184 206 184 207 205 108 206 105 7 208 107 208 145 203 105 107 102 209 97 28 97 210 169 102 28 99 182 186 78 186 174 210 99 78 96 207 183 98 183 182 209 96 98 93 211 88 212 213 90 88 65 86 85 214 80 215 80 216 217 85 215 82 173 177 218 177 178 216 82 218 79 174 172 81 172 173 214 79 81 76 219 71 22 71 220 170 76 22 73 205 206 95 206 207 220 73 95 70 194 204 72 204 205 219 70 72 67 221 62 1 62 222 87 67 1 64 223 74 157 74 170 222 64 157 61 201 30 63 30 223 221 61 63 58 224 53 225 53 226 227 58 225 55 228 83 229 83 217 226 55 229 52 169 27 54 27 228 224 52 54 49 230 44 31 44 231 201 49 31 46 190 195 69 195 194 231 46 69 43 232 191 45 191 190 230 43 45 40 233 41 48 41 230 200 40 48 37 166 50 57 50 224 234 37 57 34 199 59 66 59 221 235 34 66 32 231 68 75 68 219 223 32 75 29 210 77 84 77 214 228 29 84 24 88 25 23 220 94 101 94 209 168 23 101 20 236 103 110 103 203 193 20 110 17 237 112 119 112 198 238 17 119 12 124 13 196 11 130 133 9 196 137 239 9 188 8 139 142 6 188 146 208 6 5 240 147 154 147 171 185 5 154 2 222 156 163 156 165 241 2 163 0 87 1 3 187 4 6 208 7 9 239 10 15 242 16 18 127 19 21 170 22 27 169 28 30 201 31 24 26 33 35 167 36 38 202 39 41 233 42 44 230 45 47 200 48 50 166 51 53 224 54 56 234 57 59 199 60 62 221 63 65 235 66 68 231 69 71 219 72 74 223 75 77 210 78 80 214 81 83 228 84 90 213 88 213 243 88 94 220 95 97 209 98 100 168 101 103 236 104 106 203 107 109 193 110 112 237 113 115 198 116 118 238 119 126 104 124 104 236 124 129 196 130 132 189 133 135 192 136 138 188 139 141 181 142 144 184 145 147 240 148 150 171 151 153 185 154 156 222 157 159 165 160 162 241 163 164 163 165 36 164 159 167 162 164 161 160 168 51 161 100 166 159 161 158 157 170 160 158 21 165 156 158 155 154 171 172 155 150 174 153 155 152 151 175 177 152 176 173 150 152 149 148 179 151 149 180 171 147 149 181 144 146 182 183 144 183 207 184 153 141 143 174 186 141 186 182 181 3 138 140 185 143 138 143 142 188 189 135 137 190 191 135 191 232 192 109 132 134 194 195 132 195 190 189 18 129 131 193 134 129 134 133 196 124 236 19 19 128 124 121 125 124 124 244 122 120 119 198 33 120 115 26 118 120 117 116 200 60 117 47 199 115 117 114 113 202 116 114 38 198 112 114 111 110 203 204 111 106 194 109 111 108 107 145 206 108 184 205 106 108 105 104 7 107 105 208 203 103 105 102 101 209 28 102 97 169 100 102 99 98 182 78 99 186 210 97 99 96 95 207 98 96 183 209 94 96 88 243 91 91 93 88 86 89 88 88 235 65 85 84 214 215 85 80 217 83 85 82 81 173 218 82 177 216 80 82 79 78 174 81 79 172 214 77 79 76 75 219 22 76 71 170 74 76 73 72 205 95 73 206 220 71 73 70 69 194 72 70 204 219 68 70 67 66 221 1 67 62 87 65 67 64 63 223 157 64 74 222 62 64 61 60 201 63 61 30 221 59 61 58 57 224 225 58 53 227 56 58 55 54 228 229 55 83 226 53 55 52 51 169 54 52 27 224 50 52 49 48 230 31 49 44 201 47 49 46 45 190 69 46 195 231 44 46 43 42 232 45 43 191 230 41 43 40 39 233 48 40 41 200 38 40 37 36 166 57 37 50 234 35 37 34 33 199 66 34 59 235 24 34 32 31 231 75 32 68 223 30 32 29 28 210 84 29 77 228 27 29 235 88 24 88 211 25 23 22 220 101 23 94 168 21 23 20 19 236 110 20 103 193 18 20 17 16 237 119 17 112 238 15 17 244 124 12 124 197 13 196 9 11 133 137 9 137 136 239 188 6 8 142 146 6 146 145 208 5 4 240 154 5 147 185 3 5 2 1 222 163 2 156 241 0 2 