MESH_NAME: Stump
TEXTURE_DIFFUSE: wood.png
VERTEX_COUNT: 172
VERT:
0.00000 2.00000 3.07614
-0.00000 0.00000 1.00000
0.39868 0.29967
WEIGHTS: None

VERT:
-0.21546 0.00000 3.01704
-0.34931 -0.66171 0.66341
0.43057 0.59933
WEIGHTS: None

VERT:
0.00000 0.00000 3.07614
0.00000 -0.65212 0.75811
0.39868 0.59933
WEIGHTS: None

VERT:
-0.21546 2.00000 3.01704
-0.46590 -0.00000 0.88484
0.43057 0.29967
WEIGHTS: None

VERT:
-0.42263 0.00000 2.84199
-0.54810 -0.67724 0.49085
0.46071 0.59933
WEIGHTS: None

VERT:
-0.42263 2.00000 2.84199
-0.74494 -0.00000 0.66714
0.46071 0.29967
WEIGHTS: None

VERT:
-0.61357 0.00000 2.55772
-0.63660 -0.68752 0.34937
0.48794 0.59933
WEIGHTS: None

VERT:
-0.61357 2.00000 2.55772
-0.87666 -0.00000 0.48111
0.48794 0.29967
WEIGHTS: None

VERT:
-0.78092 0.00000 2.17516
-0.67715 -0.69323 0.24676
0.51121 0.59933
WEIGHTS: None

VERT:
-0.78092 2.00000 2.17516
-0.93956 -0.00000 0.34239
0.51121 0.29967
WEIGHTS: None

VERT:
-0.91827 0.00000 1.70901
-0.69744 -0.69637 0.16924
0.53598 0.59933
WEIGHTS: None

VERT:
-0.78092 0.00000 2.17516
-0.67715 -0.69323 0.24676
0.51121 0.59933
WEIGHTS: None

VERT:
-0.91827 2.00000 1.70901
-0.97180 -0.00000 0.23582
0.53598 0.29967
WEIGHTS: None

VERT:
-1.02032 0.00000 1.17719
-0.70806 -0.69810 0.10631
0.56336 0.59933
WEIGHTS: None

VERT:
-1.02032 2.00000 1.17719
-0.98891 -0.00000 0.14849
0.56336 0.29967
WEIGHTS: None

VERT:
-1.08317 0.00000 0.60013
-0.71332 -0.69896 0.05138
0.59231 0.59933
WEIGHTS: None

VERT:
-1.08317 2.00000 0.60013
-0.99742 0.00000 0.07185
0.59231 0.29967
WEIGHTS: None

VERT:
-1.10439 0.00000 0.00000
-0.71488 -0.69925 -0.00000
0.62172 0.59933
WEIGHTS: None

VERT:
-1.10439 2.00000 0.00000
-1.00000 0.00000 0.00000
0.62172 0.29967
WEIGHTS: None

VERT:
-1.08317 0.00000 -0.60013
-0.71330 -0.69898 -0.05138
0.65044 0.59933
WEIGHTS: None

VERT:
-1.08317 2.00000 -0.60013
-0.99742 -0.00000 -0.07185
0.65044 0.29967
WEIGHTS: None

VERT:
-1.02032 0.00000 -1.17719
-0.70806 -0.69810 -0.10632
0.67739 0.59933
WEIGHTS: None

VERT:
-1.02032 2.00000 -1.17719
-0.98891 -0.00000 -0.14848
0.67739 0.29967
WEIGHTS: None

VERT:
-0.91827 0.00000 -1.70901
-0.69744 -0.69637 -0.16925
0.70152 0.59933
WEIGHTS: None

VERT:
-0.91827 2.00000 -1.70901
-0.97180 -0.00000 -0.23582
0.00000 0.29967
WEIGHTS: None

VERT:
-0.78092 0.00000 -2.17516
-0.67715 -0.69323 -0.24676
0.02256 0.59933
WEIGHTS: None

VERT:
-0.91827 0.00000 -1.70901
-0.69744 -0.69637 -0.16925
0.00000 0.59933
WEIGHTS: None

VERT:
-0.78092 2.00000 -2.17516
-0.93956 -0.00000 -0.34239
0.02256 0.29967
WEIGHTS: None

VERT:
-0.61357 0.00000 -2.55772
-0.63659 -0.68753 -0.34936
0.04923 0.59933
WEIGHTS: None

VERT:
-0.61357 2.00000 -2.55772
-0.87666 -0.00000 -0.48111
0.04923 0.29967
WEIGHTS: None

VERT:
-0.42263 0.00000 -2.84199
-0.54810 -0.67724 -0.49085
0.07898 0.59933
WEIGHTS: None

VERT:
-0.42263 2.00000 -2.84199
-0.74494 -0.00000 -0.66713
0.07898 0.29967
WEIGHTS: None

VERT:
-0.21546 0.00000 -3.01704
-0.34932 -0.66169 -0.66344
0.11067 0.59933
WEIGHTS: None

VERT:
-0.21546 2.00000 -3.01704
-0.46590 -0.00000 -0.88484
0.11067 0.29967
WEIGHTS: None

VERT:
0.00000 0.00000 -3.07614
-0.00000 -0.65212 -0.75811
0.14308 0.59933
WEIGHTS: None

VERT:
0.00000 2.00000 -3.07614
0.00000 0.00000 -1.00000
0.14308 0.29967
WEIGHTS: None

VERT:
0.21546 0.00000 -3.01704
0.34931 -0.66171 -0.66341
0.17497 0.59933
WEIGHTS: None

VERT:
0.21546 2.00000 -3.01704
0.46590 0.00000 -0.88484
0.17497 0.29967
WEIGHTS: None

VERT:
0.42263 0.00000 -2.84199
0.54810 -0.67724 -0.49085
0.20510 0.59933
WEIGHTS: None

VERT:
0.42263 2.00000 -2.84199
0.74494 0.00000 -0.66714
0.20510 0.29967
WEIGHTS: None

VERT:
0.61357 0.00000 -2.55772
0.63660 -0.68752 -0.34937
0.23233 0.59933
WEIGHTS: None

VERT:
0.61357 2.00000 -2.55772
0.87666 0.00000 -0.48111
0.23233 0.29967
WEIGHTS: None

VERT:
0.78092 0.00000 -2.17516
0.67715 -0.69323 -0.24676
0.25561 0.59933
WEIGHTS: None

VERT:
0.78092 2.00000 -2.17516
0.93956 0.00000 -0.34239
0.70152 0.29967
WEIGHTS: None

VERT:
0.91827 0.00000 -1.70901
0.69744 -0.69637 -0.16924
0.72629 0.59933
WEIGHTS: None

VERT:
0.78092 0.00000 -2.17516
0.67715 -0.69323 -0.24676
0.70152 0.59933
WEIGHTS: None

VERT:
0.91827 2.00000 -1.70901
0.97180 0.00000 -0.23582
0.72629 0.29967
WEIGHTS: None

VERT:
1.02032 0.00000 -1.17719
0.70806 -0.69810 -0.10631
0.75367 0.59933
WEIGHTS: None

VERT:
1.02032 2.00000 -1.17719
0.98891 0.00000 -0.14849
0.75367 0.29967
WEIGHTS: None

VERT:
1.08317 0.00000 -0.60013
0.71332 -0.69896 -0.05138
0.78262 0.59933
WEIGHTS: None

VERT:
1.08317 2.00000 -0.60013
0.99742 0.00000 -0.07185
0.78262 0.29967
WEIGHTS: None

VERT:
1.10439 0.00000 0.00000
0.71488 -0.69925 0.00000
0.81203 0.59933
WEIGHTS: None

VERT:
1.10439 2.00000 0.00000
1.00000 0.00000 -0.00000
0.81203 0.29967
WEIGHTS: None

VERT:
1.08317 0.00000 0.60013
0.71330 -0.69898 0.05138
0.84075 0.59933
WEIGHTS: None

VERT:
1.08317 2.00000 0.60013
0.99742 0.00000 0.07185
0.84075 0.29967
WEIGHTS: None

VERT:
1.02032 0.00000 1.17719
0.70806 -0.69810 0.10632
0.86770 0.59933
WEIGHTS: None

VERT:
1.02032 2.00000 1.17719
0.98891 0.00000 0.14848
0.86770 0.29967
WEIGHTS: None

VERT:
0.91827 0.00000 1.70901
0.69744 -0.69637 0.16925
0.89182 0.59933
WEIGHTS: None

VERT:
0.91827 2.00000 1.70901
0.97180 0.00000 0.23582
0.25561 0.29967
WEIGHTS: None

VERT:
0.78092 0.00000 2.17516
0.67715 -0.69323 0.24676
0.27817 0.59933
WEIGHTS: None

VERT:
0.91827 0.00000 1.70901
0.69744 -0.69637 0.16925
0.25561 0.59933
WEIGHTS: None

VERT:
0.78092 2.00000 2.17516
0.93956 0.00000 0.34239
0.27817 0.29967
WEIGHTS: None

VERT:
0.61357 0.00000 2.55772
0.63659 -0.68753 0.34936
0.30483 0.59933
WEIGHTS: None

VERT:
0.61357 2.00000 2.55772
0.87666 0.00000 0.48111
0.30483 0.29967
WEIGHTS: None

VERT:
0.42263 0.00000 2.84199
0.54810 -0.67724 0.49085
0.33458 0.59933
WEIGHTS: None

VERT:
-1.10439 4.00000 0.00000
-0.71488 0.69925 -0.00000
0.62172 0.00000
WEIGHTS: None

VERT:
0.42263 2.00000 2.84199
0.74494 0.00000 0.66713
0.33458 0.29967
WEIGHTS: None

VERT:
0.21546 0.00000 3.01704
0.34932 -0.66169 0.66344
0.36627 0.59933
WEIGHTS: None

VERT:
0.21546 2.00000 3.01704
0.46590 0.00000 0.88484
0.36627 0.29967
WEIGHTS: None

VERT:
-0.21546 0.00000 -3.01704
-0.34932 -0.66169 -0.66344
0.55566 0.82189
WEIGHTS: None

VERT:
1.08317 0.00000 -0.60013
0.71332 -0.69896 -0.05138
0.63007 0.66985
WEIGHTS: None

VERT:
0.21546 0.00000 3.01704
0.34932 -0.66169 0.66344
0.76929 0.75459
WEIGHTS: None

VERT:
-0.42263 4.00000 2.84199
-0.54813 0.67719 0.49088
0.75714 0.73865
WEIGHTS: None

VERT:
1.02032 4.00000 1.17719
0.70808 0.69809 0.10632
0.71361 0.89602
WEIGHTS: None

VERT:
0.42263 4.00000 -2.84199
0.54811 0.67723 -0.49086
0.57010 0.84524
WEIGHTS: None

VERT:
0.21546 4.00000 -3.01704
0.34930 0.66172 -0.66341
0.17497 0.00000
WEIGHTS: None

VERT:
1.02032 4.00000 1.17719
0.70808 0.69809 0.10632
0.86770 0.00000
WEIGHTS: None

VERT:
-0.78092 4.00000 2.17516
-0.67716 0.69323 0.24676
0.51121 -0.00000
WEIGHTS: None

VERT:
-0.78092 2.00000 2.17516
-0.93956 -0.00000 0.34239
0.51121 0.29967
WEIGHTS: None

VERT:
-0.61357 4.00000 -2.55772
-0.63659 0.68753 -0.34936
0.04923 0.00000
WEIGHTS: None

VERT:
1.02032 4.00000 -1.17719
0.70806 0.69810 -0.10631
0.75367 0.00000
WEIGHTS: None

VERT:
0.21546 4.00000 3.01704
0.34930 0.66172 0.66341
0.36627 -0.00000
WEIGHTS: None

VERT:
-1.08317 4.00000 -0.60013
-0.71329 0.69898 -0.05138
0.65044 0.00000
WEIGHTS: None

VERT:
0.42263 4.00000 -2.84199
0.54811 0.67723 -0.49086
0.20510 0.00000
WEIGHTS: None

VERT:
0.91827 4.00000 1.70901
0.69744 0.69637 0.16924
0.89182 0.00000
WEIGHTS: None

VERT:
0.91827 2.00000 1.70901
0.97180 0.00000 0.23582
0.89182 0.29967
WEIGHTS: None

VERT:
-0.91827 4.00000 1.70901
-0.69744 0.69637 0.16924
0.53598 0.00000
WEIGHTS: None

VERT:
-0.42263 4.00000 -2.84199
-0.54812 0.67721 -0.49087
0.07898 0.00000
WEIGHTS: None

VERT:
1.08317 4.00000 -0.60013
0.71329 0.69898 -0.05138
0.78262 0.00000
WEIGHTS: None

VERT:
-0.21546 4.00000 3.01704
-0.34930 0.66173 0.66341
0.43057 -0.00000
WEIGHTS: None

VERT:
-0.00000 4.00000 3.07614
0.00000 0.65211 0.75812
0.39868 -0.00000
WEIGHTS: None

VERT:
-1.02032 4.00000 -1.17719
-0.70807 0.69809 -0.10632
0.67739 0.00000
WEIGHTS: None

VERT:
0.61357 4.00000 -2.55772
0.63659 0.68753 -0.34936
0.23233 0.00000
WEIGHTS: None

VERT:
0.78092 4.00000 2.17516
0.67716 0.69322 0.24677
0.27817 -0.00000
WEIGHTS: None

VERT:
-1.02032 4.00000 1.17719
-0.70806 0.69810 0.10631
0.56336 0.00000
WEIGHTS: None

VERT:
-0.21546 4.00000 -3.01704
-0.34930 0.66173 -0.66340
0.11067 0.00000
WEIGHTS: None

VERT:
1.10439 4.00000 0.00000
0.71488 0.69925 0.00000
0.81203 0.00000
WEIGHTS: None

VERT:
-0.42263 4.00000 2.84199
-0.54813 0.67719 0.49088
0.46071 -0.00000
WEIGHTS: None

VERT:
-0.91827 4.00000 -1.70901
-0.69744 0.69637 -0.16924
0.70152 0.00000
WEIGHTS: None

VERT:
-0.91827 2.00000 -1.70901
-0.97180 -0.00000 -0.23582
0.70152 0.29967
WEIGHTS: None

VERT:
0.78092 4.00000 -2.17516
0.67716 0.69322 -0.24677
0.25561 0.00000
WEIGHTS: None

VERT:
0.78092 2.00000 -2.17516
0.93956 0.00000 -0.34239
0.25561 0.29967
WEIGHTS: None

VERT:
0.61357 4.00000 2.55772
0.63659 0.68753 0.34936
0.30483 -0.00000
WEIGHTS: None

VERT:
-1.08317 4.00000 0.60013
-0.71329 0.69898 0.05138
0.59231 0.00000
WEIGHTS: None

VERT:
-0.00000 4.00000 -3.07614
-0.00000 0.65211 -0.75812
0.14308 0.00000
WEIGHTS: None

VERT:
1.08317 4.00000 0.60013
0.71329 0.69898 0.05138
0.84075 0.00000
WEIGHTS: None

VERT:
-0.61357 4.00000 2.55772
-0.63659 0.68753 0.34936
0.48794 -0.00000
WEIGHTS: None

VERT:
-0.78092 4.00000 -2.17516
-0.67715 0.69323 -0.24676
0.02256 0.00000
WEIGHTS: None

VERT:
0.91827 4.00000 -1.70901
0.69744 0.69637 -0.16924
0.72629 0.00000
WEIGHTS: None

VERT:
0.42263 4.00000 2.84199
0.54810 0.67724 0.49085
0.33458 -0.00000
WEIGHTS: None

VERT:
0.00000 0.00000 3.07614
0.00000 -0.65212 0.75811
0.77356 0.77833
WEIGHTS: None

VERT:
-0.21546 0.00000 3.01704
-0.34931 -0.66171 0.66341
0.77356 0.80246
WEIGHTS: None

VERT:
-0.42263 0.00000 2.84199
-0.54810 -0.67724 0.49085
0.76929 0.82604
WEIGHTS: None

VERT:
-0.61357 0.00000 2.55772
-0.63660 -0.68752 0.34937
0.76092 0.84816
WEIGHTS: None

VERT:
-0.78092 0.00000 2.17516
-0.67715 -0.69323 0.24676
0.74876 0.86799
WEIGHTS: None

VERT:
-0.91827 0.00000 1.70901
-0.69744 -0.69637 0.16924
0.73329 0.88475
WEIGHTS: None

VERT:
-1.02032 0.00000 1.17719
-0.70806 -0.69810 0.10631
0.71509 0.89780
WEIGHTS: None

VERT:
-1.08317 0.00000 0.60013
-0.71332 -0.69896 0.05138
0.69488 0.90663
WEIGHTS: None

VERT:
-1.10439 0.00000 0.00000
-0.71488 -0.69925 -0.00000
0.67341 0.91093
WEIGHTS: None

VERT:
-1.08317 0.00000 -0.60013
-0.71330 -0.69898 -0.05138
0.65153 0.91050
WEIGHTS: None

VERT:
-1.02032 0.00000 -1.17719
-0.70806 -0.69810 -0.10632
0.63007 0.90538
WEIGHTS: None

VERT:
-0.91827 0.00000 -1.70901
-0.69744 -0.69637 -0.16925
0.60985 0.89575
WEIGHTS: None

VERT:
-0.78092 0.00000 -2.17516
-0.67715 -0.69323 -0.24676
0.59166 0.88200
WEIGHTS: None

VERT:
-0.61357 0.00000 -2.55772
-0.63659 -0.68753 -0.34936
0.57619 0.86464
WEIGHTS: None

VERT:
-0.42263 0.00000 -2.84199
-0.54810 -0.67724 -0.49085
0.56403 0.84434
WEIGHTS: None

VERT:
0.00000 0.00000 -3.07614
-0.00000 -0.65212 -0.75811
0.55139 0.79815
WEIGHTS: None

VERT:
0.21546 0.00000 -3.01704
0.34931 -0.66171 -0.66341
0.55139 0.77402
WEIGHTS: None

VERT:
0.42263 0.00000 -2.84199
0.54810 -0.67724 -0.49085
0.55566 0.75045
WEIGHTS: None

VERT:
0.61357 0.00000 -2.55772
0.63660 -0.68752 -0.34937
0.56403 0.72832
WEIGHTS: None

VERT:
0.78092 0.00000 -2.17516
0.67715 -0.69323 -0.24676
0.57619 0.70850
WEIGHTS: None

VERT:
0.91827 0.00000 -1.70901
0.69744 -0.69637 -0.16924
0.59166 0.69174
WEIGHTS: None

VERT:
1.02032 0.00000 -1.17719
0.70806 -0.69810 -0.10631
0.60985 0.67869
WEIGHTS: None

VERT:
1.10439 0.00000 0.00000
0.71488 -0.69925 0.00000
0.65153 0.66556
WEIGHTS: None

VERT:
1.08317 0.00000 0.60013
0.71330 -0.69898 0.05138
0.67341 0.66598
WEIGHTS: None

VERT:
1.02032 0.00000 1.17719
0.70806 -0.69810 0.10632
0.69488 0.67110
WEIGHTS: None

VERT:
0.91827 0.00000 1.70901
0.69744 -0.69637 0.16925
0.71509 0.68073
WEIGHTS: None

VERT:
0.78092 0.00000 2.17516
0.67715 -0.69323 0.24676
0.73329 0.69449
WEIGHTS: None

VERT:
0.61357 0.00000 2.55772
0.63659 -0.68753 0.34936
0.74876 0.71184
WEIGHTS: None

VERT:
0.42263 0.00000 2.84199
0.54810 -0.67724 0.49085
0.76092 0.73214
WEIGHTS: None

VERT:
-0.21546 4.00000 3.01704
-0.34930 0.66173 0.66341
0.76510 0.75998
WEIGHTS: None

VERT:
-0.00000 4.00000 3.07614
0.00000 0.65211 0.75812
0.76915 0.78254
WEIGHTS: None

VERT:
0.21546 4.00000 3.01704
0.34930 0.66172 0.66341
0.76915 0.80545
WEIGHTS: None

VERT:
0.42263 4.00000 2.84199
0.54810 0.67724 0.49085
0.76510 0.82785
WEIGHTS: None

VERT:
0.61357 4.00000 2.55772
0.63659 0.68753 0.34936
0.75714 0.84887
WEIGHTS: None

VERT:
0.78092 4.00000 2.17516
0.67716 0.69322 0.24677
0.74559 0.86770
WEIGHTS: None

VERT:
0.91827 4.00000 1.70901
0.69744 0.69637 0.16924
0.73089 0.88362
WEIGHTS: None

VERT:
1.08317 4.00000 0.60013
0.71329 0.69898 0.05138
0.69441 0.90442
WEIGHTS: None

VERT:
1.02032 4.00000 -1.17719
0.70806 0.69810 -0.10631
0.63284 0.90322
WEIGHTS: None

VERT:
1.10439 4.00000 0.00000
0.71488 0.69925 0.00000
0.67402 0.90849
WEIGHTS: None

VERT:
1.08317 4.00000 -0.60013
0.71329 0.69898 -0.05138
0.65323 0.90809
WEIGHTS: None

VERT:
0.91827 4.00000 -1.70901
0.69744 0.69637 -0.16924
0.61364 0.89408
WEIGHTS: None

VERT:
0.78092 4.00000 -2.17516
0.67716 0.69322 -0.24677
0.59635 0.88101
WEIGHTS: None

VERT:
0.61357 4.00000 -2.55772
0.63659 0.68753 -0.34936
0.58165 0.86452
WEIGHTS: None

VERT:
0.21546 4.00000 -3.01704
0.34930 0.66172 -0.66341
0.56215 0.82391
WEIGHTS: None

VERT:
-0.42263 4.00000 -2.84199
-0.54812 0.67721 -0.49087
0.56215 0.75604
WEIGHTS: None

VERT:
-0.00000 4.00000 -3.07614
-0.00000 0.65211 -0.75812
0.55809 0.80136
WEIGHTS: None

VERT:
-0.21546 4.00000 -3.01704
-0.34930 0.66173 -0.66340
0.55809 0.77844
WEIGHTS: None

VERT:
-0.61357 4.00000 -2.55772
-0.63659 0.68753 -0.34936
0.57010 0.73502
WEIGHTS: None

VERT:
-0.78092 4.00000 -2.17516
-0.67715 0.69323 -0.24676
0.58165 0.71619
WEIGHTS: None

VERT:
-0.91827 4.00000 -1.70901
-0.69744 0.69637 -0.16924
0.59635 0.70027
WEIGHTS: None

VERT:
-1.02032 4.00000 -1.17719
-0.70807 0.69809 -0.10632
0.61364 0.68787
WEIGHTS: None

VERT:
-1.08317 4.00000 -0.60013
-0.71329 0.69898 -0.05138
0.63284 0.67948
WEIGHTS: None

VERT:
-1.10439 4.00000 0.00000
-0.71488 0.69925 -0.00000
0.65323 0.67540
WEIGHTS: None

VERT:
-1.08317 4.00000 0.60013
-0.71329 0.69898 0.05138
0.67402 0.67580
WEIGHTS: None

VERT:
-1.02032 4.00000 1.17719
-0.70806 0.69810 0.10631
0.69441 0.68067
WEIGHTS: None

VERT:
-0.91827 4.00000 1.70901
-0.69744 0.69637 0.16924
0.71361 0.68981
WEIGHTS: None

VERT:
-0.78092 4.00000 2.17516
-0.67716 0.69323 0.24676
0.73089 0.70288
WEIGHTS: None

VERT:
-0.61357 4.00000 2.55772
-0.63659 0.68753 0.34936
0.74559 0.71937
WEIGHTS: None

VERT:
-0.78092 4.00000 2.17516
-0.67716 0.69323 0.24676
0.51121 0.00000
WEIGHTS: None

VERT:
0.91827 4.00000 1.70901
0.69744 0.69637 0.16924
0.25561 -0.00000
WEIGHTS: None

VERT:
-0.91827 4.00000 -1.70901
-0.69744 0.69637 -0.16924
0.00000 0.00000
WEIGHTS: None

VERT:
0.78092 4.00000 -2.17516
0.67716 0.69322 -0.24677
0.70152 0.00000
WEIGHTS: None

INDEX_COUNT: 564
0 1 2 3 4 1 5 6 4 7 8 6 9 10 11 12 13 10 14 15 13 16 17 15 18 19 17 20 21 19 22 23 21 24 25 26 27 28 25 29 30 28 31 32 30 33 34 32 35 36 34 37 38 36 39 40 38 41 42 40 43 44 45 46 47 44 48 49 47 50 51 49 52 53 51 54 55 53 56 57 55 58 59 60 61 62 59 63 64 62 16 65 18 66 67 64 68 2 67 69 70 71 72 73 74 35 75 37 54 76 56 7 77 78 27 79 29 46 80 48 66 81 68 18 82 20 37 83 39 56 84 85 9 86 12 29 87 31 48 88 50 0 89 3 68 90 0 20 91 22 39 92 41 58 93 61 12 94 14 31 95 33 50 96 52 3 97 5 22 98 99 41 100 101 61 102 63 14 103 16 33 104 35 52 105 54 5 106 7 24 107 27 43 108 46 63 109 66 0 3 1 3 5 4 5 7 6 7 78 8 9 12 10 12 14 13 14 16 15 16 18 17 18 20 19 20 22 21 22 99 23 24 27 25 27 29 28 29 31 30 31 33 32 33 35 34 35 37 36 37 39 38 39 41 40 41 101 42 43 46 44 46 48 47 48 50 49 50 52 51 52 54 53 54 56 55 56 85 57 58 61 59 61 63 62 63 66 64 16 103 65 66 68 67 68 0 2 71 110 111 111 112 113 113 114 115 115 116 117 117 118 119 119 120 121 121 122 123 123 124 69 69 125 126 126 127 128 128 129 130 130 131 70 70 132 133 133 134 135 135 136 137 137 138 71 71 111 117 111 113 117 113 115 117 117 119 69 119 121 69 121 123 69 69 126 70 126 128 70 128 130 70 70 133 71 133 135 71 135 137 71 71 117 69 72 139 140 140 141 72 141 142 72 142 143 144 144 145 73 73 146 147 146 148 147 148 149 147 147 150 151 151 152 74 74 153 154 153 155 154 155 156 154 154 157 158 158 159 160 160 161 162 162 163 164 164 165 72 165 166 72 166 167 72 142 144 72 144 73 72 147 151 73 151 74 73 154 158 160 160 162 72 162 164 72 74 154 72 154 160 72 35 104 75 54 105 76 7 106 77 27 107 79 46 108 80 66 109 81 18 65 82 37 75 83 56 76 84 9 168 86 29 79 87 48 80 88 0 90 89 68 81 90 20 82 91 39 83 92 58 169 93 12 86 94 31 87 95 50 88 96 3 89 97 22 91 98 41 92 100 61 93 102 14 94 103 33 95 104 52 96 105 5 97 106 24 170 107 43 171 108 63 102 109 

